Date,Open,High,Low,Close,Volume,Dividends,Stock Splits
1997-11-14 00:00:00-05:00,14.0625,15.25,14.0625,14.875,2233500,0.0,0.0
1997-11-17 00:00:00-05:00,15.75,15.75,15.0,15.25,515000,0.0,0.0
1997-11-18 00:00:00-05:00,15.4375,15.5,15.0,15.0,257300,0.0,0.0
1997-11-19 00:00:00-05:00,15.0,15.625,14.75,15.625,270100,0.0,0.0
1997-11-20 00:00:00-05:00,15.5,16.375,15.5,16.375,185500,0.0,0.0
1997-11-21 00:00:00-05:00,16.625,17.5,16.25,17.125,133100,0.0,0.0
1997-11-24 00:00:00-05:00,16.625,17.125,16.375,17.0,160200,0.0,0.0
1997-11-25 00:00:00-05:00,17.25,18.0625,17.1875,17.75,384800,0.0,0.0
1997-11-26 00:00:00-05:00,17.5,17.9375,17.5,17.9375,72500,0.0,0.0
1997-11-28 00:00:00-05:00,17.8125,18.0,17.8125,17.875,24800,0.0,0.0
1997-12-01 00:00:00-05:00,17.75,18.0,17.75,17.8125,90200,0.0,0.0
1997-12-02 00:00:00-05:00,18.0,18.0,17.75,17.8125,194200,0.0,0.0
1997-12-03 00:00:00-05:00,17.6875,17.875,17.6875,17.875,77600,0.0,0.0
1997-12-04 00:00:00-05:00,17.75,17.9375,17.6875,17.6875,79500,0.0,0.0
1997-12-05 00:00:00-05:00,17.9375,18.125,17.6875,18.125,120300,0.0,0.0
1997-12-08 00:00:00-05:00,18.375,18.375,17.875,18.125,56700,0.0,0.0
1997-12-09 00:00:00-05:00,18.0625,18.75,17.875,18.5,170000,0.0,0.0
1997-12-10 00:00:00-05:00,18.5,18.5,17.8125,18.0625,28000,0.0,0.0
1997-12-11 00:00:00-05:00,18.125,18.25,17.75,18.0625,19500,0.0,0.0
1997-12-12 00:00:00-05:00,17.75,18.0,17.625,17.75,89600,0.0,0.0
1997-12-15 00:00:00-05:00,17.9375,18.625,17.75,18.125,186100,0.0,0.0
1997-12-16 00:00:00-05:00,18.125,18.125,17.3125,18.0625,89700,0.0,0.0
1997-12-17 00:00:00-05:00,18.0625,18.375,18.0,18.25,84900,0.0,0.0
1997-12-18 00:00:00-05:00,18.0,18.4375,17.875,18.4375,20000,0.0,0.0
1997-12-19 00:00:00-05:00,18.3125,18.4375,17.875,18.25,49600,0.0,0.0
1997-12-22 00:00:00-05:00,18.5,18.5,18.125,18.125,7400,0.0,0.0
1997-12-23 00:00:00-05:00,18.375,18.375,17.625,17.625,169900,0.0,0.0
1997-12-24 00:00:00-05:00,17.5,17.625,17.5,17.5625,32600,0.0,0.0
1997-12-26 00:00:00-05:00,17.5625,17.6875,17.5625,17.5625,600,0.0,0.0
1997-12-29 00:00:00-05:00,17.625,17.625,17.375,17.5,49200,0.0,0.0
1997-12-30 00:00:00-05:00,17.5,17.5,17.25,17.25,46700,0.0,0.0
1997-12-31 00:00:00-05:00,17.375,17.375,17.0,17.25,87500,0.0,0.0
1998-01-02 00:00:00-05:00,17.375,17.375,16.875,17.0,131200,0.0,0.0
1998-01-05 00:00:00-05:00,17.125,17.125,16.625,16.75,67800,0.0,0.0
1998-01-06 00:00:00-05:00,16.625,16.6875,16.5,16.6875,24100,0.0,0.0
1998-01-07 00:00:00-05:00,16.625,16.6875,16.375,16.5625,90200,0.0,0.0
1998-01-08 00:00:00-05:00,16.5625,17.625,16.5625,17.25,65100,0.0,0.0
1998-01-09 00:00:00-05:00,17.125,17.5,16.75,16.875,132000,0.0,0.0
1998-01-12 00:00:00-05:00,16.625,17.0,16.375,17.0,37000,0.0,0.0
1998-01-13 00:00:00-05:00,17.25,18.75,17.0,18.75,148700,0.0,0.0
1998-01-14 00:00:00-05:00,18.75,18.75,18.25,18.25,97500,0.0,0.0
1998-01-15 00:00:00-05:00,18.0,18.25,18.0,18.0,32100,0.0,0.0
1998-01-16 00:00:00-05:00,18.0,18.1875,17.75,17.75,13000,0.0,0.0
1998-01-20 00:00:00-05:00,17.25,18.0,17.0,18.0,105400,0.0,0.0
1998-01-21 00:00:00-05:00,18.0,18.25,18.0,18.125,109500,0.0,0.0
1998-01-22 00:00:00-05:00,18.0,18.0,17.625,17.75,47400,0.0,0.0
1998-01-23 00:00:00-05:00,17.75,18.125,17.75,18.125,53300,0.0,0.0
1998-01-26 00:00:00-05:00,18.25,18.25,17.875,17.875,5000,0.0,0.0
1998-01-27 00:00:00-05:00,17.9375,18.0,17.625,17.625,12200,0.0,0.0
1998-01-28 00:00:00-05:00,17.625,17.75,17.5,17.75,39700,0.0,0.0
1998-01-29 00:00:00-05:00,17.75,17.75,17.5,17.625,130100,0.0,0.0
1998-01-30 00:00:00-05:00,17.75,18.0,17.75,17.875,19700,0.0,0.0
1998-02-02 00:00:00-05:00,18.0,19.1875,18.0,19.0,45000,0.0,0.0
1998-02-03 00:00:00-05:00,19.25,19.25,18.75,18.8125,46500,0.0,0.0
1998-02-04 00:00:00-05:00,18.8125,19.25,18.75,19.0,47700,0.0,0.0
1998-02-05 00:00:00-05:00,19.125,19.1875,18.875,19.0,14100,0.0,0.0
1998-02-06 00:00:00-05:00,19.25,19.5,19.0625,19.375,27300,0.0,0.0
1998-02-09 00:00:00-05:00,19.5,19.5,18.875,19.25,14700,0.0,0.0
1998-02-10 00:00:00-05:00,19.375,20.6875,19.375,20.125,83500,0.0,0.0
1998-02-11 00:00:00-05:00,20.25,20.375,19.5,20.0,90400,0.0,0.0
1998-02-12 00:00:00-05:00,20.0,20.25,19.9375,19.9375,22800,0.0,0.0
1998-02-13 00:00:00-05:00,19.9375,20.125,19.9375,20.0625,34900,0.0,0.0
1998-02-17 00:00:00-05:00,20.25,20.5625,20.25,20.5625,23100,0.0,0.0
1998-02-18 00:00:00-05:00,20.3125,20.5,20.125,20.1875,31700,0.0,0.0
1998-02-19 00:00:00-05:00,20.4375,20.4375,20.125,20.125,24400,0.0,0.0
1998-02-20 00:00:00-05:00,20.0,20.25,19.5,19.875,59400,0.0,0.0
1998-02-23 00:00:00-05:00,20.0,20.5,20.0,20.0,132500,0.0,0.0
1998-02-24 00:00:00-05:00,20.0,20.0,19.5,19.5,14700,0.0,0.0
1998-02-25 00:00:00-05:00,19.625,19.75,19.375,19.5,19700,0.0,0.0
1998-02-26 00:00:00-05:00,19.5,19.75,19.375,19.375,3200,0.0,0.0
1998-02-27 00:00:00-05:00,19.25,19.5,19.0,19.5,132400,0.0,0.0
1998-03-02 00:00:00-05:00,19.75,20.5,19.75,20.125,47100,0.0,0.0
1998-03-03 00:00:00-05:00,20.125,20.25,20.0625,20.125,41200,0.0,0.0
1998-03-04 00:00:00-05:00,20.125,20.5,20.125,20.25,15700,0.0,0.0
1998-03-05 00:00:00-05:00,20.25,20.75,20.25,20.4375,27600,0.0,0.0
1998-03-06 00:00:00-05:00,20.6875,20.75,20.375,20.375,5500,0.0,0.0
1998-03-09 00:00:00-05:00,20.5,21.375,20.5,21.375,15800,0.0,0.0
1998-03-10 00:00:00-05:00,21.375,21.875,21.375,21.75,18400,0.0,0.0
1998-03-11 00:00:00-05:00,21.9375,22.875,21.75,22.375,54800,0.0,0.0
1998-03-12 00:00:00-05:00,22.375,22.375,22.0,22.25,23500,0.0,0.0
1998-03-13 00:00:00-05:00,22.5,22.625,22.0,22.125,39100,0.0,0.0
1998-03-16 00:00:00-05:00,22.25,22.25,21.625,21.75,33600,0.0,0.0
1998-03-17 00:00:00-05:00,21.75,21.75,21.125,21.5,16600,0.0,0.0
1998-03-18 00:00:00-05:00,21.5,21.875,21.375,21.875,27600,0.0,0.0
1998-03-19 00:00:00-05:00,21.9375,22.0,21.6875,21.875,73700,0.0,0.0
1998-03-20 00:00:00-05:00,21.75,21.875,21.375,21.5,3700,0.0,0.0
1998-03-23 00:00:00-05:00,21.375,21.375,21.25,21.375,1400,0.0,0.0
1998-03-24 00:00:00-05:00,21.25,21.625,20.875,21.0,45800,0.0,0.0
1998-03-25 00:00:00-05:00,21.0,21.125,20.75,20.8125,5400,0.0,0.0
1998-03-26 00:00:00-05:00,20.6875,20.875,20.625,20.875,3600,0.0,0.0
1998-03-27 00:00:00-05:00,21.0,21.25,20.875,21.125,46100,0.0,0.0
1998-03-30 00:00:00-05:00,21.125,21.875,21.125,21.6875,99100,0.0,0.0
1998-03-31 00:00:00-05:00,21.5625,22.25,21.5625,22.1875,54100,0.0,0.0
1998-04-01 00:00:00-05:00,22.125,22.25,21.75,22.125,133900,0.0,0.0
1998-04-02 00:00:00-05:00,21.875,22.125,21.875,22.0,175200,0.0,0.0
1998-04-03 00:00:00-05:00,21.25,21.875,21.25,21.5,77200,0.0,0.0
1998-04-06 00:00:00-04:00,21.375,21.625,21.25,21.5,88300,0.0,0.0
1998-04-07 00:00:00-04:00,21.75,21.875,21.5,21.75,17400,0.0,0.0
1998-04-08 00:00:00-04:00,21.75,21.75,21.375,21.5,2800,0.0,0.0
1998-04-09 00:00:00-04:00,21.5,21.5,21.125,21.375,22500,0.0,0.0
1998-04-13 00:00:00-04:00,21.375,21.5,21.1875,21.5,49100,0.0,0.0
1998-04-14 00:00:00-04:00,21.375,21.625,21.375,21.625,15900,0.0,0.0
1998-04-15 00:00:00-04:00,21.4375,21.875,21.4375,21.625,20300,0.0,0.0
1998-04-16 00:00:00-04:00,21.375,21.5,21.375,21.4375,3800,0.0,0.0
1998-04-17 00:00:00-04:00,21.6875,21.875,21.5625,21.875,8500,0.0,0.0
1998-04-20 00:00:00-04:00,21.6875,21.875,21.625,21.625,15300,0.0,0.0
1998-04-21 00:00:00-04:00,21.875,21.9375,21.625,21.9375,27200,0.0,0.0
1998-04-22 00:00:00-04:00,21.75,21.75,21.5625,21.5625,11200,0.0,0.0
1998-04-23 00:00:00-04:00,21.4375,21.75,21.4375,21.5,10500,0.0,0.0
1998-04-24 00:00:00-04:00,21.5,21.9375,21.125,21.125,58200,0.0,0.0
1998-04-27 00:00:00-04:00,20.875,20.875,20.5,20.5625,34000,0.0,0.0
1998-04-28 00:00:00-04:00,20.625,20.625,20.125,20.1875,252100,0.0,0.0
1998-04-29 00:00:00-04:00,20.25,20.25,19.5,20.25,112000,0.0,0.0
1998-04-30 00:00:00-04:00,20.375,20.5,19.875,20.125,30400,0.0,0.0
1998-05-01 00:00:00-04:00,20.0,20.0,19.625,19.625,29600,0.0,0.0
1998-05-04 00:00:00-04:00,19.75,19.9375,19.625,19.75,61000,0.0,0.0
1998-05-05 00:00:00-04:00,20.0,20.1875,19.875,20.0,30600,0.0,0.0
1998-05-06 00:00:00-04:00,20.0,20.125,19.625,19.75,32800,0.0,0.0
1998-05-07 00:00:00-04:00,19.875,19.875,19.5,19.5,13100,0.0,0.0
1998-05-08 00:00:00-04:00,19.75,19.875,19.5,19.5,53300,0.0,0.0
1998-05-11 00:00:00-04:00,19.375,19.875,19.375,19.5,43400,0.0,0.0
1998-05-12 00:00:00-04:00,19.75,19.9375,19.5,19.875,10300,0.0,0.0
1998-05-13 00:00:00-04:00,19.625,19.9375,19.625,19.625,25800,0.0,0.0
1998-05-14 00:00:00-04:00,19.375,19.625,19.25,19.5,15900,0.0,0.0
1998-05-15 00:00:00-04:00,19.75,19.75,19.5,19.5,5400,0.0,0.0
1998-05-18 00:00:00-04:00,19.75,19.875,19.125,19.125,16300,0.0,0.0
1998-05-19 00:00:00-04:00,19.0625,19.625,19.0625,19.125,39400,0.0,0.0
1998-05-20 00:00:00-04:00,19.25,19.3125,19.125,19.1875,31800,0.0,0.0
1998-05-21 00:00:00-04:00,19.3125,20.25,19.3125,20.25,40300,0.0,0.0
1998-05-22 00:00:00-04:00,20.1875,20.1875,20.0,20.0,4400,0.0,0.0
1998-05-26 00:00:00-04:00,20.0,20.0,19.625,19.625,4100,0.0,0.0
1998-05-27 00:00:00-04:00,19.375,19.375,18.0,18.5,116300,0.0,0.0
1998-05-28 00:00:00-04:00,18.625,18.75,18.5,18.625,40800,0.0,0.0
1998-05-29 00:00:00-04:00,18.75,19.0,18.75,19.0,49000,0.0,0.0
1998-06-01 00:00:00-04:00,19.0,19.25,19.0,19.0,5200,0.0,0.0
1998-06-02 00:00:00-04:00,19.125,19.6875,19.125,19.375,183800,0.0,0.0
1998-06-03 00:00:00-04:00,19.5,19.75,19.3125,19.75,5500,0.0,0.0
1998-06-04 00:00:00-04:00,20.0,20.375,20.0,20.0,9900,0.0,0.0
1998-06-05 00:00:00-04:00,20.125,20.125,19.4375,19.4375,92400,0.0,0.0
1998-06-08 00:00:00-04:00,19.3125,19.375,19.3125,19.375,2100,0.0,0.0
1998-06-09 00:00:00-04:00,19.625,19.625,19.375,19.5,11200,0.0,0.0
1998-06-10 00:00:00-04:00,19.5,19.875,19.3125,19.5,37900,0.0,0.0
1998-06-11 00:00:00-04:00,19.625,19.625,19.3125,19.3125,12400,0.0,0.0
1998-06-12 00:00:00-04:00,19.375,19.4375,18.5625,18.875,20900,0.0,0.0
1998-06-15 00:00:00-04:00,18.875,19.25,18.75,19.25,54100,0.0,0.0
1998-06-16 00:00:00-04:00,19.25,19.25,19.125,19.1875,5300,0.0,0.0
1998-06-17 00:00:00-04:00,19.0625,19.25,19.0625,19.25,28900,0.0,0.0
1998-06-18 00:00:00-04:00,19.25,20.25,19.25,20.0,33800,0.0,0.0
1998-06-19 00:00:00-04:00,19.875,22.0,19.875,21.0625,74100,0.0,0.0
1998-06-22 00:00:00-04:00,21.3125,21.4375,20.875,21.4375,37900,0.0,0.0
1998-06-23 00:00:00-04:00,21.25,21.375,21.0,21.125,57200,0.0,0.0
1998-06-24 00:00:00-04:00,21.25,22.0,21.1875,21.8125,55200,0.0,0.0
1998-06-25 00:00:00-04:00,21.8125,21.8125,20.625,21.125,55900,0.0,0.0
1998-06-26 00:00:00-04:00,21.0,21.4375,20.75,21.3125,59100,0.0,0.0
1998-06-29 00:00:00-04:00,21.0625,21.25,20.25,20.375,61200,0.0,0.0
1998-06-30 00:00:00-04:00,20.125,20.3125,19.75,20.0625,3536800,0.0,0.0
1998-07-01 00:00:00-04:00,20.1875,20.1875,20.0,20.0,202100,0.0,0.0
1998-07-02 00:00:00-04:00,20.0,20.875,20.0,20.5,577500,0.0,0.0
1998-07-06 00:00:00-04:00,20.5,22.0,20.3125,21.875,249000,0.0,0.0
1998-07-07 00:00:00-04:00,22.0,22.5,22.0,22.0,232800,0.0,0.0
1998-07-08 00:00:00-04:00,22.0,22.625,22.0,22.125,291200,0.0,0.0
1998-07-09 00:00:00-04:00,22.125,22.4375,22.125,22.3125,93900,0.0,0.0
1998-07-10 00:00:00-04:00,22.3125,22.4375,22.0,22.25,346700,0.0,0.0
1998-07-13 00:00:00-04:00,22.0,22.25,21.25,21.625,257600,0.0,0.0
1998-07-14 00:00:00-04:00,21.375,21.75,21.0,21.75,291600,0.0,0.0
1998-07-15 00:00:00-04:00,21.25,22.5,21.0,21.5625,203500,0.0,0.0
1998-07-16 00:00:00-04:00,21.3125,21.625,21.1875,21.375,180300,0.0,0.0
1998-07-17 00:00:00-04:00,21.375,21.875,21.375,21.75,300700,0.0,0.0
1998-07-20 00:00:00-04:00,21.625,22.625,21.5,22.3125,92700,0.0,0.0
1998-07-21 00:00:00-04:00,22.3125,22.6875,22.25,22.4375,274200,0.0,0.0
1998-07-22 00:00:00-04:00,22.5625,22.5625,21.5,22.25,200300,0.0,0.0
1998-07-23 00:00:00-04:00,22.25,22.5,21.5,21.5,219700,0.0,0.0
1998-07-24 00:00:00-04:00,21.75,22.25,21.0,21.875,240000,0.0,0.0
1998-07-27 00:00:00-04:00,22.25,22.5,20.625,20.625,215500,0.0,0.0
1998-07-28 00:00:00-04:00,21.0,21.375,20.5625,20.75,278400,0.0,0.0
1998-07-29 00:00:00-04:00,21.0,21.625,20.75,21.5,254500,0.0,0.0
1998-07-30 00:00:00-04:00,21.5625,21.75,21.4375,21.5,174400,0.0,0.0
1998-07-31 00:00:00-04:00,21.75,21.875,21.125,21.125,339400,0.0,0.0
1998-08-03 00:00:00-04:00,21.25,21.25,21.0,21.0,121500,0.0,0.0
1998-08-04 00:00:00-04:00,21.25,21.6875,20.875,21.0625,128300,0.0,0.0
1998-08-05 00:00:00-04:00,21.0625,21.625,20.875,21.125,156300,0.0,0.0
1998-08-06 00:00:00-04:00,20.875,20.9375,20.0,20.9375,160600,0.0,0.0
1998-08-07 00:00:00-04:00,20.8125,21.0,20.5,20.5,74100,0.0,0.0
1998-08-10 00:00:00-04:00,20.4375,20.4375,19.6875,20.0,59800,0.0,0.0
1998-08-11 00:00:00-04:00,19.8125,19.8125,17.5,18.75,98500,0.0,0.0
1998-08-12 00:00:00-04:00,19.0,19.0,18.75,19.0,83800,0.0,0.0
1998-08-13 00:00:00-04:00,18.75,20.25,18.3125,20.25,50900,0.0,0.0
1998-08-14 00:00:00-04:00,20.0,20.75,19.6875,19.75,120000,0.0,0.0
1998-08-17 00:00:00-04:00,19.625,20.25,19.375,19.8125,95800,0.0,0.0
1998-08-18 00:00:00-04:00,19.6875,19.75,19.125,19.6875,90700,0.0,0.0
1998-08-19 00:00:00-04:00,19.9375,19.9375,19.1875,19.5,97100,0.0,0.0
1998-08-20 00:00:00-04:00,19.625,19.875,19.375,19.375,21900,0.0,0.0
1998-08-21 00:00:00-04:00,19.4375,19.4375,18.6875,19.25,28500,0.0,0.0
1998-08-24 00:00:00-04:00,19.125,19.8125,19.125,19.6875,53800,0.0,0.0
1998-08-25 00:00:00-04:00,19.6875,19.8125,19.3125,19.5,88400,0.0,0.0
1998-08-26 00:00:00-04:00,19.375,19.5625,19.1875,19.25,123100,0.0,0.0
1998-08-27 00:00:00-04:00,19.0,19.125,18.0,18.1875,125600,0.0,0.0
1998-08-28 00:00:00-04:00,17.9375,18.0,16.375,16.4375,102300,0.0,0.0
1998-08-31 00:00:00-04:00,16.6875,17.25,16.25,16.875,133700,0.0,0.0
1998-09-01 00:00:00-04:00,17.0,17.625,16.5,17.625,119800,0.0,0.0
1998-09-02 00:00:00-04:00,17.625,18.125,17.625,18.0,23700,0.0,0.0
1998-09-03 00:00:00-04:00,18.125,19.125,17.75,18.3125,116300,0.0,0.0
1998-09-04 00:00:00-04:00,18.3125,18.5625,18.25,18.4375,72200,0.0,0.0
1998-09-08 00:00:00-04:00,18.5625,20.3125,18.5625,20.3125,56300,0.0,0.0
1998-09-09 00:00:00-04:00,20.0625,20.25,19.3125,20.25,85200,0.0,0.0
1998-09-10 00:00:00-04:00,20.0,20.0,18.5625,18.625,36800,0.0,0.0
1998-09-11 00:00:00-04:00,18.75,19.125,18.75,19.125,129900,0.0,0.0
1998-09-14 00:00:00-04:00,19.25,19.5,18.875,19.0,29500,0.0,0.0
1998-09-15 00:00:00-04:00,18.875,20.0,18.8125,20.0,28600,0.0,0.0
1998-09-16 00:00:00-04:00,20.25,21.0,20.125,20.1875,93100,0.0,0.0
1998-09-17 00:00:00-04:00,20.0625,20.0625,19.625,19.875,87600,0.0,0.0
1998-09-18 00:00:00-04:00,20.375,20.4375,20.25,20.375,46700,0.0,0.0
1998-09-21 00:00:00-04:00,20.125,20.125,19.75,19.875,44500,0.0,0.0
1998-09-22 00:00:00-04:00,19.9375,19.9375,19.4375,19.6875,74700,0.0,0.0
1998-09-23 00:00:00-04:00,19.75,19.875,19.6875,19.8125,16800,0.0,0.0
1998-09-24 00:00:00-04:00,19.5625,19.75,19.0,19.75,48000,0.0,0.0
1998-09-25 00:00:00-04:00,19.5,20.875,19.5,20.6875,92600,0.0,0.0
1998-09-28 00:00:00-04:00,20.625,20.625,20.1875,20.5625,66900,0.0,0.0
1998-09-29 00:00:00-04:00,20.5,21.375,20.375,21.125,50200,0.0,0.0
1998-09-30 00:00:00-04:00,21.1875,21.5,21.0,21.5,161100,0.0,0.0
1998-10-01 00:00:00-04:00,21.5,21.5,20.125,20.375,70300,0.0,0.0
1998-10-02 00:00:00-04:00,20.25,20.375,19.625,19.6875,36400,0.0,0.0
1998-10-05 00:00:00-04:00,19.5625,19.5625,18.5,18.625,146300,0.0,0.0
1998-10-06 00:00:00-04:00,18.875,19.125,18.4375,18.5,34600,0.0,0.0
1998-10-07 00:00:00-04:00,18.625,18.625,17.625,18.25,40100,0.0,0.0
1998-10-08 00:00:00-04:00,17.75,17.75,16.75,17.5,81500,0.0,0.0
1998-10-09 00:00:00-04:00,17.375,17.75,17.125,17.75,69200,0.0,0.0
1998-10-12 00:00:00-04:00,17.75,19.0,17.75,18.1875,32900,0.0,0.0
1998-10-13 00:00:00-04:00,18.4375,18.75,18.4375,18.4375,22900,0.0,0.0
1998-10-14 00:00:00-04:00,18.1875,18.5,18.0,18.0,63100,0.0,0.0
1998-10-15 00:00:00-04:00,18.25,18.5625,18.125,18.5625,49400,0.0,0.0
1998-10-16 00:00:00-04:00,18.5,19.5625,18.5,19.0,39500,0.0,0.0
1998-10-19 00:00:00-04:00,18.875,20.0,18.875,19.6875,35500,0.0,0.0
1998-10-20 00:00:00-04:00,19.75,20.0,19.625,19.625,418000,0.0,0.0
1998-10-21 00:00:00-04:00,19.75,20.625,19.625,20.5,110700,0.0,0.0
1998-10-22 00:00:00-04:00,20.625,22.375,20.5,21.875,76900,0.0,0.0
1998-10-23 00:00:00-04:00,21.75,22.625,21.625,21.8125,160800,0.0,0.0
1998-10-26 00:00:00-05:00,22.0,22.0,21.625,21.75,76800,0.0,0.0
1998-10-27 00:00:00-05:00,21.5,21.625,21.125,21.5,62700,0.0,0.0
1998-10-28 00:00:00-05:00,21.625,22.125,21.5,21.625,78800,0.0,0.0
1998-10-29 00:00:00-05:00,21.75,22.125,21.75,21.9375,16700,0.0,0.0
1998-10-30 00:00:00-05:00,21.875,22.0,21.625,21.875,54200,0.0,0.0
1998-11-02 00:00:00-05:00,21.375,22.625,21.375,22.5625,94900,0.0,0.0
1998-11-03 00:00:00-05:00,22.5,22.5,21.875,21.9375,41100,0.0,0.0
1998-11-04 00:00:00-05:00,21.75,22.125,21.75,22.0,90100,0.0,0.0
1998-11-05 00:00:00-05:00,22.0,22.1875,21.6875,21.8125,29500,0.0,0.0
1998-11-06 00:00:00-05:00,22.1875,23.625,22.1875,22.875,382900,0.0,0.0
1998-11-09 00:00:00-05:00,23.0,23.0,22.625,22.875,208000,0.0,0.0
1998-11-10 00:00:00-05:00,22.75,22.75,21.6875,21.6875,125400,0.0,0.0
1998-11-11 00:00:00-05:00,21.9375,21.9375,21.25,21.6875,43600,0.0,0.0
1998-11-12 00:00:00-05:00,21.8125,21.875,21.1875,21.5625,55800,0.0,0.0
1998-11-13 00:00:00-05:00,21.6875,21.9375,21.5,21.5,28100,0.0,0.0
1998-11-16 00:00:00-05:00,21.5,21.75,21.25,21.5625,112600,0.0,0.0
1998-11-17 00:00:00-05:00,21.5625,21.5625,21.3125,21.5,113200,0.0,0.0
1998-11-18 00:00:00-05:00,21.375,21.625,21.0,21.4375,182400,0.0,0.0
1998-11-19 00:00:00-05:00,21.6875,22.625,21.4375,22.0,368600,0.0,0.0
1998-11-20 00:00:00-05:00,21.9375,23.375,21.875,23.125,363100,0.0,0.0
1998-11-23 00:00:00-05:00,23.4375,26.4375,23.375,26.0,284400,0.0,0.0
1998-11-24 00:00:00-05:00,26.0,27.0,25.6875,26.3125,208700,0.0,0.0
1998-11-25 00:00:00-05:00,25.875,26.375,25.875,26.1875,61700,0.0,0.0
1998-11-27 00:00:00-05:00,26.1875,27.5,26.1875,27.0625,34600,0.0,0.0
1998-11-30 00:00:00-05:00,26.8125,26.8125,25.75,26.25,145600,0.0,0.0
1998-12-01 00:00:00-05:00,25.875,27.625,25.375,27.4375,67300,0.0,0.0
1998-12-02 00:00:00-05:00,27.4375,27.4375,26.75,27.25,58300,0.0,0.0
1998-12-03 00:00:00-05:00,27.0,28.1875,27.0,27.8125,94000,0.0,0.0
1998-12-04 00:00:00-05:00,27.5625,27.75,27.125,27.5,53800,0.0,0.0
1998-12-07 00:00:00-05:00,27.0,27.125,26.75,26.9375,104900,0.0,0.0
1998-12-08 00:00:00-05:00,26.9375,27.125,26.3125,26.625,107200,0.0,0.0
1998-12-09 00:00:00-05:00,26.75,27.0625,26.5,26.625,110400,0.0,0.0
1998-12-10 00:00:00-05:00,26.75,26.875,26.25,26.5,34900,0.0,0.0
1998-12-11 00:00:00-05:00,26.25,26.625,25.25,25.5,36500,0.0,0.0
1998-12-14 00:00:00-05:00,25.5,25.5,25.0,25.0625,21100,0.0,0.0
1998-12-15 00:00:00-05:00,24.8125,24.8125,24.125,24.375,60300,0.0,0.0
1998-12-16 00:00:00-05:00,24.375,24.8125,24.0,24.8125,37400,0.0,0.0
1998-12-17 00:00:00-05:00,24.75,28.9375,24.75,26.9375,167700,0.0,0.0
1998-12-18 00:00:00-05:00,28.0,28.0,25.75,26.6875,100600,0.0,0.0
1998-12-21 00:00:00-05:00,26.75,27.625,26.75,27.625,142300,0.0,0.0
1998-12-22 00:00:00-05:00,27.5,27.875,27.375,27.6875,51000,0.0,0.0
1998-12-23 00:00:00-05:00,27.6875,27.9375,27.4375,27.6875,42500,0.0,0.0
1998-12-24 00:00:00-05:00,27.75,27.875,27.625,27.875,2100,0.0,0.0
1998-12-28 00:00:00-05:00,27.75,28.25,27.5,27.875,35300,0.0,0.0
1998-12-29 00:00:00-05:00,27.75,27.8125,27.3125,27.375,19300,0.0,0.0
1998-12-30 00:00:00-05:00,27.25,27.9375,26.875,27.9375,45900,0.0,0.0
1998-12-31 00:00:00-05:00,28.0,28.125,27.25,28.0625,101300,0.0,0.0
1999-01-04 00:00:00-05:00,27.9375,27.9375,26.75,26.75,108400,0.0,0.0
1999-01-05 00:00:00-05:00,26.5,27.25,26.25,27.25,102500,0.0,0.0
1999-01-06 00:00:00-05:00,27.0,27.25,26.9375,27.25,16600,0.0,0.0
1999-01-07 00:00:00-05:00,27.25,27.3125,26.1875,26.375,20000,0.0,0.0
1999-01-08 00:00:00-05:00,26.375,26.5,25.5,25.8125,20100,0.0,0.0
1999-01-11 00:00:00-05:00,25.875,26.125,25.4375,25.75,40500,0.0,0.0
1999-01-12 00:00:00-05:00,25.75,25.75,24.75,24.8125,94100,0.0,0.0
1999-01-13 00:00:00-05:00,24.5625,25.9375,24.5625,25.9375,31100,0.0,0.0
1999-01-14 00:00:00-05:00,25.9375,25.9375,24.75,24.75,43500,0.0,0.0
1999-01-15 00:00:00-05:00,24.6875,25.875,24.5,25.625,47000,0.0,0.0
1999-01-19 00:00:00-05:00,25.0,26.8125,24.625,26.8125,55500,0.0,0.0
1999-01-20 00:00:00-05:00,26.5625,26.75,25.8125,26.25,57100,0.0,0.0
1999-01-21 00:00:00-05:00,26.0,26.0,24.75,24.75,26100,0.0,0.0
1999-01-22 00:00:00-05:00,24.6875,25.75,24.5625,25.375,38600,0.0,0.0
1999-01-25 00:00:00-05:00,25.625,25.625,24.125,24.5625,107400,0.0,0.0
1999-01-26 00:00:00-05:00,24.375,25.75,24.3125,25.75,42800,0.0,0.0
1999-01-27 00:00:00-05:00,25.5625,26.0,25.5625,25.8125,127900,0.0,0.0
1999-01-28 00:00:00-05:00,25.875,26.375,25.375,26.375,117700,0.0,0.0
1999-01-29 00:00:00-05:00,26.5625,27.125,25.5,26.5,5587700,0.0,0.0
1999-02-01 00:00:00-05:00,26.625,27.4375,25.625,26.75,893600,0.0,0.0
1999-02-02 00:00:00-05:00,26.625,27.1875,25.5,26.0,418300,0.0,0.0
1999-02-03 00:00:00-05:00,26.0,26.875,25.4375,25.9375,268200,0.0,0.0
1999-02-04 00:00:00-05:00,25.6875,25.6875,24.875,25.125,324200,0.0,0.0
1999-02-05 00:00:00-05:00,25.125,25.875,24.8125,25.1875,301200,0.0,0.0
1999-02-08 00:00:00-05:00,25.0625,25.8125,25.0625,25.3125,156100,0.0,0.0
1999-02-09 00:00:00-05:00,25.5625,25.5625,25.0,25.0,163500,0.0,0.0
1999-02-10 00:00:00-05:00,25.125,25.3125,25.0625,25.1875,239100,0.0,0.0
1999-02-11 00:00:00-05:00,25.4375,25.5,25.125,25.3125,96000,0.0,0.0
1999-02-12 00:00:00-05:00,25.3125,25.5,25.0,25.0,75600,0.0,0.0
1999-02-16 00:00:00-05:00,25.25,25.25,25.0,25.0625,275200,0.0,0.0
1999-02-17 00:00:00-05:00,25.0625,25.5,25.0,25.0625,126800,0.0,0.0
1999-02-18 00:00:00-05:00,25.3125,25.5625,25.0625,25.5,294100,0.0,0.0
1999-02-19 00:00:00-05:00,25.5,26.0,25.5,25.8125,137900,0.0,0.0
1999-02-22 00:00:00-05:00,25.75,26.4375,25.75,26.25,111400,0.0,0.0
1999-02-23 00:00:00-05:00,26.25,26.5,25.75,26.0,93400,0.0,0.0
1999-02-24 00:00:00-05:00,26.25,26.25,25.0625,25.0625,32200,0.0,0.0
1999-02-25 00:00:00-05:00,25.0,25.125,24.5,24.875,85900,0.0,0.0
1999-02-26 00:00:00-05:00,24.8125,25.5625,24.75,25.5625,46200,0.0,0.0
1999-03-01 00:00:00-05:00,25.3125,25.3125,24.8125,25.1875,57100,0.0,0.0
1999-03-02 00:00:00-05:00,25.0,26.375,25.0,25.8125,264600,0.0,0.0
1999-03-03 00:00:00-05:00,25.6875,26.0,25.4375,25.6875,25900,0.0,0.0
1999-03-04 00:00:00-05:00,25.875,26.0,25.25,25.5625,15900,0.0,0.0
1999-03-05 00:00:00-05:00,25.8125,25.875,25.1875,25.625,47400,0.0,0.0
1999-03-08 00:00:00-05:00,25.75,26.1875,25.625,26.0625,97300,0.0,0.0
1999-03-09 00:00:00-05:00,25.875,25.875,25.375,25.375,114400,0.0,0.0
1999-03-10 00:00:00-05:00,25.4375,25.8125,24.375,25.0,88200,0.0,0.0
1999-03-11 00:00:00-05:00,24.875,24.875,23.625,23.75,91700,0.0,0.0
1999-03-12 00:00:00-05:00,23.75,23.75,22.0,22.0,304100,0.0,0.0
1999-03-15 00:00:00-05:00,22.25,23.25,22.25,23.25,188000,0.0,0.0
1999-03-16 00:00:00-05:00,23.1875,23.625,23.0625,23.4375,70000,0.0,0.0
1999-03-17 00:00:00-05:00,23.4375,23.5625,23.125,23.125,87300,0.0,0.0
1999-03-18 00:00:00-05:00,23.125,23.5,22.9375,23.0625,28200,0.0,0.0
1999-03-19 00:00:00-05:00,23.0625,23.3125,22.75,22.75,119300,0.0,0.0
1999-03-22 00:00:00-05:00,23.0,23.0,22.1875,22.375,157700,0.0,0.0
1999-03-23 00:00:00-05:00,22.375,22.375,20.875,20.9375,122300,0.0,0.0
1999-03-24 00:00:00-05:00,20.8125,21.625,19.625,20.4375,185100,0.0,0.0
1999-03-25 00:00:00-05:00,22.0,23.0,21.375,22.875,179500,0.0,0.0
1999-03-26 00:00:00-05:00,24.625,24.625,23.375,23.5,142900,0.0,0.0
1999-03-29 00:00:00-05:00,24.25,24.375,23.375,23.4375,69100,0.0,0.0
1999-03-30 00:00:00-05:00,23.1875,23.75,23.0,23.5625,102300,0.0,0.0
1999-03-31 00:00:00-05:00,23.5625,24.75,23.5625,24.75,148000,0.0,0.0
1999-04-01 00:00:00-05:00,24.8125,24.9375,24.125,24.5,27100,0.0,0.0
1999-04-05 00:00:00-04:00,24.625,24.8125,24.1875,24.375,11300,0.0,0.0
1999-04-06 00:00:00-04:00,24.375,24.375,23.5,23.625,53100,0.0,0.0
1999-04-07 00:00:00-04:00,23.625,23.8125,22.875,23.0,176000,0.0,0.0
1999-04-08 00:00:00-04:00,22.75,23.375,22.625,22.875,87300,0.0,0.0
1999-04-09 00:00:00-04:00,22.625,24.375,22.625,24.375,161900,0.0,0.0
1999-04-12 00:00:00-04:00,24.375,24.375,23.6875,23.9375,95300,0.0,0.0
1999-04-13 00:00:00-04:00,23.9375,25.1875,23.9375,24.625,260100,0.0,0.0
1999-04-14 00:00:00-04:00,24.6875,26.375,24.5625,26.375,201800,0.0,0.0
1999-04-15 00:00:00-04:00,26.125,26.25,25.3125,25.8125,63800,0.0,0.0
1999-04-16 00:00:00-04:00,25.875,26.1875,25.5,25.75,37800,0.0,0.0
1999-04-19 00:00:00-04:00,25.9375,26.4375,25.8125,26.0625,54200,0.0,0.0
1999-04-20 00:00:00-04:00,26.0,27.0,25.5625,27.0,121400,0.0,0.0
1999-04-21 00:00:00-04:00,27.0,27.0,25.75,26.0625,80600,0.0,0.0
1999-04-22 00:00:00-04:00,26.3125,26.5,25.75,26.5,166100,0.0,0.0
1999-04-23 00:00:00-04:00,26.5,26.75,26.0,26.375,28000,0.0,0.0
1999-04-26 00:00:00-04:00,26.625,27.4375,26.5,27.125,160500,0.0,0.0
1999-04-27 00:00:00-04:00,27.375,27.4375,26.75,27.375,103900,0.0,0.0
1999-04-28 00:00:00-04:00,26.0,27.25,25.5,25.875,189000,0.0,0.0
1999-04-29 00:00:00-04:00,25.8125,26.375,25.625,26.25,140500,0.0,0.0
1999-04-30 00:00:00-04:00,26.0,26.875,25.875,26.125,159600,0.0,0.0
1999-05-03 00:00:00-04:00,25.75,26.875,25.375,26.625,131800,0.0,0.0
1999-05-04 00:00:00-04:00,26.75,26.875,25.625,25.6875,74100,0.0,0.0
1999-05-05 00:00:00-04:00,25.625,25.625,24.625,25.375,96000,0.0,0.0
1999-05-06 00:00:00-04:00,25.375,25.75,25.1875,25.75,154400,0.0,0.0
1999-05-07 00:00:00-04:00,25.625,25.625,25.5,25.5625,16900,0.0,0.0
1999-05-10 00:00:00-04:00,25.75,26.375,25.5625,25.9375,43100,0.0,0.0
1999-05-11 00:00:00-04:00,25.9375,25.9375,25.4375,25.6875,16000,0.0,0.0
1999-05-12 00:00:00-04:00,25.6875,26.0,25.625,26.0,66900,0.0,0.0
1999-05-13 00:00:00-04:00,26.0,26.125,25.375,25.375,66000,0.0,0.0
1999-05-14 00:00:00-04:00,25.125,25.125,24.375,24.625,16000,0.0,0.0
1999-05-17 00:00:00-04:00,24.5,25.1875,24.375,25.1875,21600,0.0,0.0
1999-05-18 00:00:00-04:00,25.3125,25.6875,25.125,25.625,63700,0.0,0.0
1999-05-19 00:00:00-04:00,25.375,25.875,25.375,25.625,13900,0.0,0.0
1999-05-20 00:00:00-04:00,25.75,25.9375,25.5,25.75,55500,0.0,0.0
1999-05-21 00:00:00-04:00,25.9375,25.9375,25.125,25.4375,66100,0.0,0.0
1999-05-24 00:00:00-04:00,25.5,25.5,24.75,24.75,42200,0.0,0.0
1999-05-25 00:00:00-04:00,24.625,24.75,23.875,23.875,49800,0.0,0.0
1999-05-26 00:00:00-04:00,23.9375,24.9375,23.9375,24.1875,26000,0.0,0.0
1999-05-27 00:00:00-04:00,24.1875,24.625,24.0,24.625,71400,0.0,0.0
1999-05-28 00:00:00-04:00,24.5625,25.125,24.5,24.75,27200,0.0,0.0
1999-06-01 00:00:00-04:00,24.5,25.625,24.5,25.5625,80200,0.0,0.0
1999-06-02 00:00:00-04:00,25.25,29.0,25.125,27.5,234900,0.0,0.0
1999-06-03 00:00:00-04:00,27.5,27.5,26.25,26.25,271400,0.0,0.0
1999-06-04 00:00:00-04:00,26.25,27.25,26.25,26.875,67800,0.0,0.0
1999-06-07 00:00:00-04:00,26.8125,27.0,26.5,26.8125,95800,0.0,0.0
1999-06-08 00:00:00-04:00,26.5625,26.8125,26.5,26.6875,35600,0.0,0.0
1999-06-09 00:00:00-04:00,26.6875,26.75,26.1875,26.5,74500,0.0,0.0
1999-06-10 00:00:00-04:00,26.625,26.75,26.0,26.375,117100,0.0,0.0
1999-06-11 00:00:00-04:00,26.25,26.6875,26.25,26.625,123000,0.0,0.0
1999-06-14 00:00:00-04:00,26.625,26.875,26.25,26.875,81800,0.0,0.0
1999-06-15 00:00:00-04:00,26.875,27.6875,26.875,26.875,194200,0.0,0.0
1999-06-16 00:00:00-04:00,27.0,27.375,27.0,27.25,47900,0.0,0.0
1999-06-17 00:00:00-04:00,27.1875,27.5,27.125,27.25,72600,0.0,0.0
1999-06-18 00:00:00-04:00,27.75,27.75,27.0,27.0,128700,0.0,0.0
1999-06-21 00:00:00-04:00,26.625,26.625,25.375,25.9375,83100,0.0,0.0
1999-06-22 00:00:00-04:00,26.25,26.5625,26.25,26.5,34900,0.0,0.0
1999-06-23 00:00:00-04:00,26.25,26.375,25.75,26.25,55900,0.0,0.0
1999-06-24 00:00:00-04:00,26.25,26.25,25.1875,26.25,67300,0.0,0.0
1999-06-25 00:00:00-04:00,26.3125,26.4375,26.25,26.4375,118000,0.0,0.0
1999-06-28 00:00:00-04:00,26.25,26.4375,26.0,26.1875,65800,0.0,0.0
1999-06-29 00:00:00-04:00,26.1875,26.3125,26.0,26.125,48300,0.0,0.0
1999-06-30 00:00:00-04:00,26.1875,26.1875,24.8125,25.5,80600,0.0,0.0
1999-07-01 00:00:00-04:00,23.8125,25.25,23.8125,25.125,170600,0.0,0.0
1999-07-02 00:00:00-04:00,25.375,26.0625,25.375,26.0625,80000,0.0,0.0
1999-07-06 00:00:00-04:00,26.0625,26.25,25.8125,26.125,72000,0.0,0.0
1999-07-07 00:00:00-04:00,25.9375,26.625,25.9375,26.625,105700,0.0,0.0
1999-07-08 00:00:00-04:00,26.4375,26.5625,26.0,26.0,83400,0.0,0.0
1999-07-09 00:00:00-04:00,26.1875,26.375,26.0,26.375,22400,0.0,0.0
1999-07-12 00:00:00-04:00,26.5625,27.125,26.5625,27.0625,245300,0.0,0.0
1999-07-13 00:00:00-04:00,26.875,27.5,26.875,27.375,60600,0.0,0.0
1999-07-14 00:00:00-04:00,27.125,28.625,27.0,28.375,186300,0.0,0.0
1999-07-15 00:00:00-04:00,28.375,30.5,28.375,29.6875,287900,0.0,0.0
1999-07-16 00:00:00-04:00,29.125,30.4375,29.0,30.375,177400,0.0,0.0
1999-07-19 00:00:00-04:00,30.125,30.375,29.75,30.375,56200,0.0,0.0
1999-07-20 00:00:00-04:00,30.125,30.25,29.75,29.9375,77600,0.0,0.0
1999-07-21 00:00:00-04:00,29.8125,29.9375,29.375,29.625,50300,0.0,0.0
1999-07-22 00:00:00-04:00,29.875,29.875,29.125,29.5,24600,0.0,0.0
1999-07-23 00:00:00-04:00,29.5,29.5,29.0625,29.25,98100,0.0,0.0
1999-07-26 00:00:00-04:00,29.0625,29.75,29.0625,29.5,160000,0.0,0.0
1999-07-27 00:00:00-04:00,29.625,29.875,29.25,29.375,153500,0.0,0.0
1999-07-28 00:00:00-04:00,29.5,29.5625,29.0,29.25,48400,0.0,0.0
1999-07-29 00:00:00-04:00,28.9375,29.125,27.75,28.875,94500,0.0,0.0
1999-07-30 00:00:00-04:00,28.9375,29.0,28.625,28.9375,26000,0.0,0.0
1999-08-02 00:00:00-04:00,28.75,29.8125,28.625,29.5625,82400,0.0,0.0
1999-08-03 00:00:00-04:00,29.4375,29.4375,28.75,29.375,55900,0.0,0.0
1999-08-04 00:00:00-04:00,29.25,29.25,27.9375,28.5,120800,0.0,0.0
1999-08-05 00:00:00-04:00,28.4375,29.0625,28.1875,29.0625,62900,0.0,0.0
1999-08-06 00:00:00-04:00,29.0,29.0,28.1875,28.5,34600,0.0,0.0
1999-08-09 00:00:00-04:00,28.6875,29.0,28.375,28.625,86000,0.0,0.0
1999-08-10 00:00:00-04:00,28.125,28.125,27.125,27.625,195800,0.0,0.0
1999-08-11 00:00:00-04:00,27.375,28.0,27.375,27.625,125000,0.0,0.0
1999-08-12 00:00:00-04:00,27.875,28.5625,27.75,28.375,83000,0.0,0.0
1999-08-13 00:00:00-04:00,28.5625,29.375,28.5625,28.8125,64100,0.0,0.0
1999-08-16 00:00:00-04:00,28.5625,29.0,28.5,28.875,54300,0.0,0.0
1999-08-17 00:00:00-04:00,28.75,28.875,28.1875,28.625,48700,0.0,0.0
1999-08-18 00:00:00-04:00,28.625,28.625,27.3125,27.3125,81400,0.0,0.0
1999-08-19 00:00:00-04:00,27.625,27.625,26.8125,27.625,43200,0.0,0.0
1999-08-20 00:00:00-04:00,27.375,28.0,27.375,27.75,47200,0.0,0.0
1999-08-23 00:00:00-04:00,27.5,28.375,27.5,28.375,19300,0.0,0.0
1999-08-24 00:00:00-04:00,28.375,29.375,28.125,29.25,47400,0.0,0.0
1999-08-25 00:00:00-04:00,29.3125,29.3125,28.5625,28.625,37900,0.0,0.0
1999-08-26 00:00:00-04:00,28.375,28.75,27.9375,28.0625,21700,0.0,0.0
1999-08-27 00:00:00-04:00,28.25,28.3125,26.9375,27.25,42600,0.0,0.0
1999-08-30 00:00:00-04:00,27.25,27.25,26.125,26.5,108000,0.0,0.0
1999-08-31 00:00:00-04:00,26.5,26.9375,26.5,26.625,36500,0.0,0.0
1999-09-01 00:00:00-04:00,26.0625,26.5,26.0625,26.0625,69200,0.0,0.0
1999-09-02 00:00:00-04:00,26.0625,26.0625,24.5,24.625,126700,0.0,0.0
1999-09-03 00:00:00-04:00,25.0,26.125,25.0,25.5,162300,0.0,0.0
1999-09-07 00:00:00-04:00,25.6875,25.6875,24.75,25.0625,53900,0.0,0.0
1999-09-08 00:00:00-04:00,25.1875,25.1875,24.625,25.0,37400,0.0,0.0
1999-09-09 00:00:00-04:00,25.125,25.4375,24.75,25.25,33400,0.0,0.0
1999-09-10 00:00:00-04:00,25.375,26.25,25.375,26.0,104800,0.0,0.0
1999-09-13 00:00:00-04:00,26.0625,26.75,26.0625,26.125,75100,0.0,0.0
1999-09-14 00:00:00-04:00,26.125,26.5,25.875,25.875,77600,0.0,0.0
1999-09-15 00:00:00-04:00,26.0,26.5,25.875,26.1875,64000,0.0,0.0
1999-09-16 00:00:00-04:00,26.0,26.0,25.5,25.5625,64200,0.0,0.0
1999-09-17 00:00:00-04:00,25.5625,26.5625,25.5625,26.375,74300,0.0,0.0
1999-09-20 00:00:00-04:00,26.5,27.875,26.5,27.875,87200,0.0,0.0
1999-09-21 00:00:00-04:00,27.625,27.625,26.125,26.75,33200,0.0,0.0
1999-09-22 00:00:00-04:00,26.5,26.625,26.0,26.0,100400,0.0,0.0
1999-09-23 00:00:00-04:00,26.1875,26.1875,25.75,26.1875,78100,0.0,0.0
1999-09-24 00:00:00-04:00,26.375,27.5,26.375,27.375,74500,0.0,0.0
1999-09-27 00:00:00-04:00,27.625,28.5,27.625,28.375,70800,0.0,0.0
1999-09-28 00:00:00-04:00,28.125,28.75,27.875,28.75,58400,0.0,0.0
1999-09-29 00:00:00-04:00,28.5,29.25,28.4375,28.5,72800,0.0,0.0
1999-09-30 00:00:00-04:00,28.3125,29.75,28.25,29.625,50700,0.0,0.0
1999-10-01 00:00:00-04:00,29.375,29.375,27.875,28.0,84400,0.0,0.0
1999-10-04 00:00:00-04:00,28.25,28.875,28.125,28.75,35500,0.0,0.0
1999-10-05 00:00:00-04:00,28.625,29.1875,28.625,29.0,38700,0.0,0.0
1999-10-06 00:00:00-04:00,29.0,29.9375,29.0,29.375,69400,0.0,0.0
1999-10-07 00:00:00-04:00,29.5625,29.8125,29.0,29.5625,28400,0.0,0.0
1999-10-08 00:00:00-04:00,29.3125,29.8125,29.0,29.6875,24800,0.0,0.0
1999-10-11 00:00:00-04:00,29.4375,30.3125,29.4375,30.25,45500,0.0,0.0
1999-10-12 00:00:00-04:00,30.25,30.375,29.25,29.3125,119800,0.0,0.0
1999-10-13 00:00:00-04:00,29.25,29.625,28.9375,29.1875,61300,0.0,0.0
1999-10-14 00:00:00-04:00,29.1875,29.25,28.9375,29.1875,50700,0.0,0.0
1999-10-15 00:00:00-04:00,29.3125,29.3125,28.0,28.375,41700,0.0,0.0
1999-10-18 00:00:00-04:00,28.25,28.25,27.75,27.75,202500,0.0,0.0
1999-10-19 00:00:00-04:00,27.75,28.125,27.5,28.125,144900,0.0,0.0
1999-10-20 00:00:00-04:00,28.0625,28.25,27.875,28.125,66300,0.0,0.0
1999-10-21 00:00:00-04:00,28.0,28.875,27.75,28.8125,47700,0.0,0.0
1999-10-22 00:00:00-04:00,28.8125,30.375,28.8125,29.5625,61600,0.0,0.0
1999-10-25 00:00:00-04:00,29.125,29.1875,28.3125,28.625,100800,0.0,0.0
1999-10-26 00:00:00-04:00,28.5,30.0,28.375,29.75,205000,0.0,0.0
1999-10-27 00:00:00-04:00,29.5,30.25,29.375,30.1875,75800,0.0,0.0
1999-10-28 00:00:00-04:00,30.4375,30.4375,29.4375,29.6875,22400,0.0,0.0
1999-10-29 00:00:00-04:00,29.5,30.0,29.375,29.8125,61200,0.0,0.0
1999-11-01 00:00:00-05:00,29.875,29.875,29.125,29.25,34900,0.0,0.0
1999-11-02 00:00:00-05:00,29.25,29.25,28.5,28.6875,117100,0.0,0.0
1999-11-03 00:00:00-05:00,28.6875,29.0,28.5,28.5625,105900,0.0,0.0
1999-11-04 00:00:00-05:00,28.5,28.6875,28.125,28.1875,123700,0.0,0.0
1999-11-05 00:00:00-05:00,30.0,32.5,29.875,32.5,212500,0.0,0.0
1999-11-08 00:00:00-05:00,32.0,32.375,31.375,31.875,207400,0.0,0.0
1999-11-09 00:00:00-05:00,31.625,32.125,31.5,32.0,159900,0.0,0.0
1999-11-10 00:00:00-05:00,31.875,32.0,31.3125,31.3125,44700,0.0,0.0
1999-11-11 00:00:00-05:00,31.0625,31.5,29.875,30.5,169800,0.0,0.0
1999-11-12 00:00:00-05:00,30.6875,31.25,30.25,30.9375,252600,0.0,0.0
1999-11-15 00:00:00-05:00,30.9375,33.4375,30.875,33.4375,232800,0.0,0.0
1999-11-16 00:00:00-05:00,33.4375,33.4375,32.875,33.1875,154900,0.0,0.0
1999-11-17 00:00:00-05:00,33.0,35.25,33.0,35.25,233400,0.0,0.0
1999-11-18 00:00:00-05:00,35.125,36.0625,34.5625,35.75,209400,0.0,0.0
1999-11-19 00:00:00-05:00,35.75,35.9375,35.125,35.1875,94300,0.0,0.0
1999-11-22 00:00:00-05:00,35.1875,35.1875,34.125,34.1875,86500,0.0,0.0
1999-11-23 00:00:00-05:00,34.0625,34.0625,32.25,33.25,131400,0.0,0.0
1999-11-24 00:00:00-05:00,33.125,34.25,32.875,34.125,214700,0.0,0.0
1999-11-26 00:00:00-05:00,34.375,34.75,34.25,34.5625,19800,0.0,0.0
1999-11-29 00:00:00-05:00,34.8125,34.8125,34.25,34.5,71200,0.0,0.0
1999-11-30 00:00:00-05:00,34.3125,36.25,34.3125,35.5625,156000,0.0,0.0
1999-12-01 00:00:00-05:00,35.3125,36.5625,35.0,35.6875,114400,0.0,0.0
1999-12-02 00:00:00-05:00,35.625,35.75,35.0,35.25,71300,0.0,0.0
1999-12-03 00:00:00-05:00,35.125,35.625,34.375,34.625,140300,0.0,0.0
1999-12-06 00:00:00-05:00,34.5,34.625,34.0,34.3125,32600,0.0,0.0
1999-12-07 00:00:00-05:00,34.5625,35.5,34.0,35.5,49200,0.0,0.0
1999-12-08 00:00:00-05:00,35.5,36.6875,35.5,36.6875,80500,0.0,0.0
1999-12-09 00:00:00-05:00,36.6875,37.25,36.125,36.625,84100,0.0,0.0
1999-12-10 00:00:00-05:00,37.0,38.875,36.625,38.625,195400,0.0,0.0
1999-12-13 00:00:00-05:00,38.5,39.5,38.3125,38.5625,127500,0.0,0.0
1999-12-14 00:00:00-05:00,38.3125,38.5,37.75,38.125,74700,0.0,0.0
1999-12-15 00:00:00-05:00,37.875,37.9375,36.625,36.875,76100,0.0,0.0
1999-12-16 00:00:00-05:00,36.75,37.0,35.75,37.0,35700,0.0,0.0
1999-12-17 00:00:00-05:00,36.75,37.0,36.25,36.375,104800,0.0,0.0
1999-12-20 00:00:00-05:00,36.5,36.5625,35.625,36.375,35900,0.0,0.0
1999-12-21 00:00:00-05:00,36.125,36.3125,36.0,36.3125,45800,0.0,0.0
1999-12-22 00:00:00-05:00,36.3125,36.375,35.5,35.5625,35200,0.0,0.0
1999-12-23 00:00:00-05:00,35.75,36.0625,35.625,36.0625,57100,0.0,0.0
1999-12-27 00:00:00-05:00,36.0625,36.0625,35.0,35.25,41600,0.0,0.0
1999-12-28 00:00:00-05:00,35.375,35.375,34.5625,35.125,55100,0.0,0.0
1999-12-29 00:00:00-05:00,35.125,36.75,34.8125,36.75,67000,0.0,0.0
1999-12-30 00:00:00-05:00,37.0,38.0,37.0,37.5,72600,0.0,0.0
1999-12-31 00:00:00-05:00,37.625,38.1875,37.625,38.1875,17500,0.0,0.0
2000-01-03 00:00:00-05:00,38.0,38.0625,35.375,35.375,51400,0.0,0.0
2000-01-04 00:00:00-05:00,35.375,35.375,34.1875,34.625,106100,0.0,0.0
2000-01-05 00:00:00-05:00,34.875,34.875,33.8125,33.875,162100,0.0,0.0
2000-01-06 00:00:00-05:00,33.9375,34.875,33.5,34.625,245000,0.0,0.0
2000-01-07 00:00:00-05:00,34.5625,35.75,34.5625,35.625,215200,0.0,0.0
2000-01-10 00:00:00-05:00,35.8125,37.25,35.8125,37.25,78900,0.0,0.0
2000-01-11 00:00:00-05:00,37.125,37.125,35.875,36.0625,90500,0.0,0.0
2000-01-12 00:00:00-05:00,36.0625,36.0625,35.75,35.875,30000,0.0,0.0
2000-01-13 00:00:00-05:00,35.9375,36.0,35.625,35.875,80400,0.0,0.0
2000-01-14 00:00:00-05:00,35.9375,36.0,35.1875,35.5,47100,0.0,0.0
2000-01-18 00:00:00-05:00,35.375,35.375,34.875,35.125,87500,0.0,0.0
2000-01-19 00:00:00-05:00,35.0,35.4375,35.0,35.3125,117400,0.0,0.0
2000-01-20 00:00:00-05:00,35.4375,35.875,34.625,34.875,84400,0.0,0.0
2000-01-21 00:00:00-05:00,34.625,35.0,34.625,34.875,55000,0.0,0.0
2000-01-24 00:00:00-05:00,35.0,35.4375,34.625,34.625,74000,0.0,0.0
2000-01-25 00:00:00-05:00,34.5625,34.6875,33.75,34.1875,70800,0.0,0.0
2000-01-26 00:00:00-05:00,34.1875,34.375,33.9375,33.9375,29900,0.0,0.0
2000-01-27 00:00:00-05:00,33.9375,34.0625,33.0,33.1875,49200,0.0,0.0
2000-01-28 00:00:00-05:00,33.0,33.0,31.8125,32.3125,76800,0.0,0.0
2000-01-31 00:00:00-05:00,32.4375,32.625,31.8125,31.875,101600,0.0,0.0
2000-02-01 00:00:00-05:00,32.125,32.9375,31.875,32.0,170900,0.0,0.0
2000-02-02 00:00:00-05:00,32.125,32.6875,32.125,32.375,81000,0.0,0.0
2000-02-03 00:00:00-05:00,32.375,35.375,32.25,35.0,255500,0.0,0.0
2000-02-04 00:00:00-05:00,35.5,37.875,35.5,37.875,454200,0.0,0.0
2000-02-07 00:00:00-05:00,39.5,39.6875,37.6875,38.0,370500,0.0,0.0
2000-02-08 00:00:00-05:00,38.0,38.0,36.875,37.375,224100,0.0,0.0
2000-02-09 00:00:00-05:00,37.25,38.0,37.0,37.0625,236700,0.0,0.0
2000-02-10 00:00:00-05:00,37.25,37.75,36.9375,37.375,62200,0.0,0.0
2000-02-11 00:00:00-05:00,37.625,38.0,37.25,37.3125,68100,0.0,0.0
2000-02-14 00:00:00-05:00,37.375,37.9375,37.25,37.875,54400,0.0,0.0
2000-02-15 00:00:00-05:00,37.9375,38.4375,37.9375,38.1875,87900,0.0,0.0
2000-02-16 00:00:00-05:00,38.25,38.6875,38.0,38.375,44700,0.0,0.0
2000-02-17 00:00:00-05:00,38.5,38.625,37.0625,37.9375,83100,0.0,0.0
2000-02-18 00:00:00-05:00,37.6875,37.6875,36.5,36.5,54800,0.0,0.0
2000-02-22 00:00:00-05:00,36.5625,36.5625,35.75,36.25,80400,0.0,0.0
2000-02-23 00:00:00-05:00,36.375,37.0,36.125,36.9375,108000,0.0,0.0
2000-02-24 00:00:00-05:00,36.9375,36.9375,36.5,36.8125,67600,0.0,0.0
2000-02-25 00:00:00-05:00,36.8125,37.125,36.75,37.0,141900,0.0,0.0
2000-02-28 00:00:00-05:00,37.0,39.375,36.875,38.6875,134800,0.0,0.0
2000-02-29 00:00:00-05:00,38.625,39.0,38.4375,38.625,85700,0.0,0.0
2000-03-01 00:00:00-05:00,38.0,38.625,38.0,38.4375,91600,0.0,0.0
2000-03-02 00:00:00-05:00,38.4375,38.4375,37.0625,37.3125,46600,0.0,0.0
2000-03-03 00:00:00-05:00,37.25,37.5,36.875,37.3125,75200,0.0,0.0
2000-03-06 00:00:00-05:00,37.25,37.25,36.75,36.875,69400,0.0,0.0
2000-03-07 00:00:00-05:00,37.0,39.25,37.0,38.5,182700,0.0,0.0
2000-03-08 00:00:00-05:00,38.75,38.75,37.3125,37.5,205800,0.0,0.0
2000-03-09 00:00:00-05:00,37.5,37.5,36.9375,37.0,156100,0.0,0.0
2000-03-10 00:00:00-05:00,37.0,38.0,36.875,37.5,178800,0.0,0.0
2000-03-13 00:00:00-05:00,37.375,38.1875,36.8125,38.1875,50200,0.0,0.0
2000-03-14 00:00:00-05:00,38.0,40.125,38.0,38.4375,176700,0.0,0.0
2000-03-15 00:00:00-05:00,38.4375,39.9375,36.625,39.25,139300,0.0,0.0
2000-03-16 00:00:00-05:00,39.3125,43.3125,39.0,42.625,373800,0.0,0.0
2000-03-17 00:00:00-05:00,42.1875,42.875,41.6875,42.4375,121500,0.0,0.0
2000-03-20 00:00:00-05:00,42.6875,43.6875,42.625,42.875,138100,0.0,0.0
2000-03-21 00:00:00-05:00,42.25,42.9375,41.5,42.9375,73300,0.0,0.0
2000-03-22 00:00:00-05:00,43.0625,44.5,43.0625,44.5,229900,0.0,0.0
2000-03-23 00:00:00-05:00,44.5,44.5,43.3125,44.0625,71100,0.0,0.0
2000-03-24 00:00:00-05:00,43.875,44.0,41.5,41.6875,130500,0.0,0.0
2000-03-27 00:00:00-05:00,41.8125,41.8125,40.25,40.5625,74300,0.0,0.0
2000-03-28 00:00:00-05:00,40.375,40.4375,39.0625,39.5,218300,0.0,0.0
2000-03-29 00:00:00-05:00,39.125,42.1875,39.125,40.5,358500,0.0,0.0
2000-03-30 00:00:00-05:00,40.25,41.0,39.8125,40.5,63400,0.0,0.0
2000-03-31 00:00:00-05:00,40.625,41.75,40.625,40.9375,135700,0.0,0.0
2000-04-03 00:00:00-04:00,40.75,40.75,39.75,40.1875,50400,0.0,0.0
2000-04-04 00:00:00-04:00,40.375,41.0,39.5,40.0,123700,0.0,0.0
2000-04-05 00:00:00-04:00,40.0,40.4375,39.8125,40.125,208400,0.0,0.0
2000-04-06 00:00:00-04:00,40.125,40.9375,40.0625,40.0625,143400,0.0,0.0
2000-04-07 00:00:00-04:00,40.25,40.8125,40.1875,40.5625,64000,0.0,0.0
2000-04-10 00:00:00-04:00,40.5625,40.6875,40.1875,40.1875,105800,0.0,0.0
2000-04-11 00:00:00-04:00,40.5,40.5,40.0,40.0,62000,0.0,0.0
2000-04-12 00:00:00-04:00,40.125,40.875,39.5,40.3125,163000,0.0,0.0
2000-04-13 00:00:00-04:00,39.8125,41.625,39.75,40.9375,55100,0.0,0.0
2000-04-14 00:00:00-04:00,41.0,41.125,37.75,38.75,140400,0.0,0.0
2000-04-17 00:00:00-04:00,39.0,40.375,38.5625,40.375,80400,0.0,0.0
2000-04-18 00:00:00-04:00,40.625,43.625,40.625,42.6875,146100,0.0,0.0
2000-04-19 00:00:00-04:00,42.4375,45.75,42.0,44.375,176700,0.0,0.0
2000-04-20 00:00:00-04:00,44.375,44.375,43.75,44.0,134200,0.0,0.0
2000-04-24 00:00:00-04:00,44.0,44.1875,38.25,38.25,198600,0.0,0.0
2000-04-25 00:00:00-04:00,40.0,44.0,40.0,43.8125,143800,0.0,0.0
2000-04-26 00:00:00-04:00,43.9375,43.9375,41.5,41.75,71500,0.0,0.0
2000-04-27 00:00:00-04:00,41.5,41.5625,40.0,41.0,46800,0.0,0.0
2000-04-28 00:00:00-04:00,39.75,39.75,34.0,34.5,952200,0.0,0.0
2000-05-01 00:00:00-04:00,35.0,35.0,30.0,34.8125,800200,0.0,0.0
2000-05-02 00:00:00-04:00,34.6875,34.6875,33.75,34.0,222200,0.0,0.0
2000-05-03 00:00:00-04:00,35.25,36.75,35.0,35.5625,237900,0.0,0.0
2000-05-04 00:00:00-04:00,36.25,36.375,35.125,35.3125,93100,0.0,0.0
2000-05-05 00:00:00-04:00,36.0,36.3125,35.0,35.9375,163400,0.0,0.0
2000-05-08 00:00:00-04:00,36.0,36.0,34.125,34.1875,119100,0.0,0.0
2000-05-09 00:00:00-04:00,34.4375,34.5625,33.0,33.375,91200,0.0,0.0
2000-05-10 00:00:00-04:00,33.625,35.9375,33.625,35.3125,68000,0.0,0.0
2000-05-11 00:00:00-04:00,35.3125,40.125,35.0,39.9375,193100,0.0,0.0
2000-05-12 00:00:00-04:00,39.6875,40.75,37.5,37.9375,263100,0.0,0.0
2000-05-15 00:00:00-04:00,38.1875,38.1875,36.25,36.9375,141800,0.0,0.0
2000-05-16 00:00:00-04:00,37.0,38.75,36.75,38.625,84000,0.0,0.0
2000-05-17 00:00:00-04:00,38.5,38.5,36.625,36.625,54100,0.0,0.0
2000-05-18 00:00:00-04:00,36.875,37.375,36.1875,36.4375,92700,0.0,0.0
2000-05-19 00:00:00-04:00,35.75,35.75,34.5,34.9375,98000,0.0,0.0
2000-05-22 00:00:00-04:00,35.4375,35.4375,33.0625,34.4375,217000,0.0,0.0
2000-05-23 00:00:00-04:00,34.25,36.125,34.25,35.5,152800,0.0,0.0
2000-05-24 00:00:00-04:00,35.5,37.4375,35.5,37.3125,110400,0.0,0.0
2000-05-25 00:00:00-04:00,37.3125,40.0,37.3125,38.5625,421200,0.0,0.0
2000-05-26 00:00:00-04:00,38.625,38.625,37.0,37.0,70700,0.0,0.0
2000-05-30 00:00:00-04:00,37.1875,38.4375,37.1875,38.4375,82100,0.0,0.0
2000-05-31 00:00:00-04:00,38.3125,39.625,38.3125,39.1875,68500,0.0,0.0
2000-06-01 00:00:00-04:00,39.0625,40.4375,39.0625,39.9375,57100,0.0,0.0
2000-06-02 00:00:00-04:00,40.375,41.0,40.1875,40.375,48900,0.0,0.0
2000-06-05 00:00:00-04:00,40.1875,40.1875,39.25,39.75,42800,0.0,0.0
2000-06-06 00:00:00-04:00,39.5,41.0,39.5,40.3125,50700,0.0,0.0
2000-06-07 00:00:00-04:00,40.4375,41.0,40.4375,41.0,57300,0.0,0.0
2000-06-08 00:00:00-04:00,40.75,42.8125,40.625,42.0625,86000,0.0,0.0
2000-06-09 00:00:00-04:00,42.0625,42.0625,41.5,41.8125,31400,0.0,0.0
2000-06-12 00:00:00-04:00,41.6875,43.0,41.1875,42.3125,54200,0.0,0.0
2000-06-13 00:00:00-04:00,42.3125,43.9375,42.0625,43.9375,75100,0.0,0.0
2000-06-14 00:00:00-04:00,43.6875,43.8125,39.3125,39.3125,420700,0.0,0.0
2000-06-15 00:00:00-04:00,39.5,39.5,38.5,38.5625,116400,0.0,0.0
2000-06-16 00:00:00-04:00,38.5625,38.75,36.6875,37.25,156000,0.0,0.0
2000-06-19 00:00:00-04:00,37.4375,37.4375,36.25,36.4375,80900,0.0,0.0
2000-06-20 00:00:00-04:00,36.5625,37.8125,35.875,37.5,502500,0.0,0.0
2000-06-21 00:00:00-04:00,37.75,38.6875,37.375,37.9375,121700,0.0,0.0
2000-06-22 00:00:00-04:00,38.5,39.4375,38.125,38.1875,151100,0.0,0.0
2000-06-23 00:00:00-04:00,38.3125,38.5625,37.5,37.6875,55400,0.0,0.0
2000-06-26 00:00:00-04:00,37.5625,39.625,37.5625,39.5625,90900,0.0,0.0
2000-06-27 00:00:00-04:00,39.375,40.375,39.375,39.5,186600,0.0,0.0
2000-06-28 00:00:00-04:00,39.4375,40.0,39.4375,40.0,126400,0.0,0.0
2000-06-29 00:00:00-04:00,40.0,40.0,39.375,39.5625,71500,0.0,0.0
2000-06-30 00:00:00-04:00,39.8125,40.015625,39.625,40.015625,197000,0.0,0.0
2000-07-03 00:00:00-04:00,40.0,40.0,38.8125,38.8125,12000,0.0,0.0
2000-07-05 00:00:00-04:00,38.8125,39.4375,37.75,37.75,148400,0.0,0.0
2000-07-06 00:00:00-04:00,38.0,39.0625,37.875,39.0625,63000,0.0,0.0
2000-07-07 00:00:00-04:00,38.875,39.875,38.875,39.875,34100,0.0,0.0
2000-07-10 00:00:00-04:00,39.875,42.0,39.5625,40.9375,101100,0.0,0.0
2000-07-11 00:00:00-04:00,40.9375,42.25,40.8125,42.0625,102900,0.0,0.0
2000-07-12 00:00:00-04:00,42.3125,44.4375,42.3125,43.3125,320000,0.0,0.0
2000-07-13 00:00:00-04:00,43.125,43.125,41.75,42.5625,67100,0.0,0.0
2000-07-14 00:00:00-04:00,42.75,42.75,41.9375,42.25,299800,0.0,0.0
2000-07-17 00:00:00-04:00,42.25,42.25,41.5,41.5,67800,0.0,0.0
2000-07-18 00:00:00-04:00,41.875,41.875,40.75,40.75,53600,0.0,0.0
2000-07-19 00:00:00-04:00,40.8125,40.8125,38.875,39.25,52600,0.0,0.0
2000-07-20 00:00:00-04:00,39.4375,41.75,39.4375,41.0,197800,0.0,0.0
2000-07-21 00:00:00-04:00,41.25,42.0,41.0,41.375,94400,0.0,0.0
2000-07-24 00:00:00-04:00,41.4375,42.125,40.875,41.5,64000,0.0,0.0
2000-07-25 00:00:00-04:00,41.75,41.75,40.5625,40.9375,86700,0.0,0.0
2000-07-26 00:00:00-04:00,40.875,41.1875,40.375,41.1875,70900,0.0,0.0
2000-07-27 00:00:00-04:00,41.1875,41.1875,39.5,39.5,65000,0.0,0.0
2000-07-28 00:00:00-04:00,39.75,40.0,37.9375,39.125,456500,0.0,0.0
2000-07-31 00:00:00-04:00,39.1875,40.9375,39.1875,40.5,175600,0.0,0.0
2000-08-01 00:00:00-04:00,40.625,41.8125,40.375,40.375,117900,0.0,0.0
2000-08-02 00:00:00-04:00,40.0,41.0,39.875,41.0,320700,0.0,0.0
2000-08-03 00:00:00-04:00,40.75,41.125,40.5,41.125,79000,0.0,0.0
2000-08-04 00:00:00-04:00,41.3125,43.75,40.75,43.75,181300,0.0,0.0
2000-08-07 00:00:00-04:00,43.6875,44.0,41.625,42.75,211400,0.0,0.0
2000-08-08 00:00:00-04:00,42.625,43.0,42.25,42.3125,84100,0.0,0.0
2000-08-09 00:00:00-04:00,42.5,43.125,42.5,43.0,192900,0.0,0.0
2000-08-10 00:00:00-04:00,42.9375,43.6875,42.875,43.25,137800,0.0,0.0
2000-08-11 00:00:00-04:00,43.3125,45.625,43.3125,45.625,81200,0.0,0.0
2000-08-14 00:00:00-04:00,45.0,45.625,44.75,45.5625,77300,0.0,0.0
2000-08-15 00:00:00-04:00,45.4375,46.0,45.125,45.8125,105700,0.0,0.0
2000-08-16 00:00:00-04:00,45.875,46.25,45.1875,45.4375,182500,0.0,0.0
2000-08-17 00:00:00-04:00,45.5,45.875,45.1875,45.8125,71400,0.0,0.0
2000-08-18 00:00:00-04:00,45.6875,45.9375,44.125,44.8125,125400,0.0,0.0
2000-08-21 00:00:00-04:00,45.0,46.25,44.625,44.875,60400,0.0,0.0
2000-08-22 00:00:00-04:00,45.0625,46.9375,44.9375,46.5625,52100,0.0,0.0
2000-08-23 00:00:00-04:00,46.375,46.375,45.125,45.125,38300,0.0,0.0
2000-08-24 00:00:00-04:00,45.125,46.75,45.125,46.3125,46400,0.0,0.0
2000-08-25 00:00:00-04:00,46.3125,46.375,45.875,46.0,124200,0.0,0.0
2000-08-28 00:00:00-04:00,45.9375,46.125,45.5,46.125,78100,0.0,0.0
2000-08-29 00:00:00-04:00,46.3125,47.5,46.3125,46.9375,38200,0.0,0.0
2000-08-30 00:00:00-04:00,46.75,46.75,44.75,45.625,95900,0.0,0.0
2000-08-31 00:00:00-04:00,45.625,48.8125,45.625,47.3125,192700,0.0,0.0
2000-09-01 00:00:00-04:00,47.5,48.75,47.5,48.375,67200,0.0,0.0
2000-09-05 00:00:00-04:00,48.375,48.375,46.75,46.8125,113700,0.0,0.0
2000-09-06 00:00:00-04:00,46.8125,46.875,45.625,45.875,119800,0.0,0.0
2000-09-07 00:00:00-04:00,45.75,46.75,45.75,46.5625,58700,0.0,0.0
2000-09-08 00:00:00-04:00,46.9375,46.9375,45.8125,45.8125,63600,0.0,0.0
2000-09-11 00:00:00-04:00,45.6875,47.25,45.5,46.8125,336400,0.0,0.0
2000-09-12 00:00:00-04:00,46.8125,46.9375,46.125,46.3125,24800,0.0,0.0
2000-09-13 00:00:00-04:00,46.3125,46.75,45.75,46.3125,80100,0.0,0.0
2000-09-14 00:00:00-04:00,46.375,46.375,45.5625,45.875,126200,0.0,0.0
2000-09-15 00:00:00-04:00,45.875,46.0,45.25,45.3125,120400,0.0,0.0
2000-09-18 00:00:00-04:00,45.4375,45.4375,45.1875,45.25,94600,0.0,0.0
2000-09-19 00:00:00-04:00,45.1875,45.9375,45.0,45.9375,70200,0.0,0.0
2000-09-20 00:00:00-04:00,45.9375,46.75,45.625,46.3125,125900,0.0,0.0
2000-09-21 00:00:00-04:00,46.375,46.6875,46.125,46.125,17400,0.0,0.0
2000-09-22 00:00:00-04:00,45.9375,46.375,45.875,46.125,97200,0.0,0.0
2000-09-25 00:00:00-04:00,46.125,46.625,44.625,45.5625,67600,0.0,0.0
2000-09-26 00:00:00-04:00,45.3125,45.3125,43.625,44.625,110300,0.0,0.0
2000-09-27 00:00:00-04:00,44.625,45.0,43.3125,43.6875,349400,0.0,0.0
2000-09-28 00:00:00-04:00,43.0,44.6875,41.0,44.6875,139500,0.0,0.0
2000-09-29 00:00:00-04:00,44.5,45.3125,44.0,44.0,349400,0.0,0.0
2000-10-02 00:00:00-04:00,44.25,44.3125,43.125,43.375,93900,0.0,0.0
2000-10-03 00:00:00-04:00,43.5625,44.0,42.625,42.75,81800,0.0,0.0
2000-10-04 00:00:00-04:00,42.9375,44.25,42.375,43.125,141400,0.0,0.0
2000-10-05 00:00:00-04:00,43.0,44.25,42.4375,42.4375,57900,0.0,0.0
2000-10-06 00:00:00-04:00,42.5,44.25,42.0,43.5,196600,0.0,0.0
2000-10-09 00:00:00-04:00,43.75,45.125,43.375,44.3125,51600,0.0,0.0
2000-10-10 00:00:00-04:00,45.25,48.25,45.25,45.625,338100,0.0,0.0
2000-10-11 00:00:00-04:00,45.625,49.875,45.625,47.5625,286300,0.0,0.0
2000-10-12 00:00:00-04:00,47.5625,47.625,44.125,44.1875,124300,0.0,0.0
2000-10-13 00:00:00-04:00,44.125,44.125,39.5,41.3125,401500,0.0,0.0
2000-10-16 00:00:00-04:00,42.3125,43.625,41.75,43.0,340000,0.0,0.0
2000-10-17 00:00:00-04:00,43.0,43.8125,42.75,43.5625,119400,0.0,0.0
2000-10-18 00:00:00-04:00,43.375,46.4375,42.375,46.3125,129500,0.0,0.0
2000-10-19 00:00:00-04:00,46.25,47.9375,46.25,46.875,200100,0.0,0.0
2000-10-20 00:00:00-04:00,46.5625,46.875,44.5625,44.625,63200,0.0,0.0
2000-10-23 00:00:00-04:00,44.875,45.4375,43.5625,45.4375,124200,0.0,0.0
2000-10-24 00:00:00-04:00,45.3125,45.4375,44.5,44.75,62300,0.0,0.0
2000-10-25 00:00:00-04:00,44.5625,44.5625,43.0,43.75,50900,0.0,0.0
2000-10-26 00:00:00-04:00,43.75,45.5,43.75,45.25,58200,0.0,0.0
2000-10-27 00:00:00-04:00,45.25,45.25,44.0,44.125,91800,0.0,0.0
2000-10-30 00:00:00-05:00,44.0,47.4375,43.0625,47.0625,115400,0.0,0.0
2000-10-31 00:00:00-05:00,47.0,47.875,46.125,46.6875,239200,0.0,0.0
2000-11-01 00:00:00-05:00,46.875,47.5625,46.25,46.375,37900,0.0,0.0
2000-11-02 00:00:00-05:00,46.625,47.625,46.5625,47.4375,126900,0.0,0.0
2000-11-03 00:00:00-05:00,48.0,50.5625,47.125,50.0625,261500,0.0,0.0
2000-11-06 00:00:00-05:00,51.5,51.5,49.4375,49.875,565400,0.0,0.0
2000-11-07 00:00:00-05:00,49.875,50.1875,49.125,49.5625,171400,0.0,0.0
2000-11-08 00:00:00-05:00,49.5,49.625,48.0625,48.875,117800,0.0,0.0
2000-11-09 00:00:00-05:00,48.875,48.9375,47.3125,48.9375,119200,0.0,0.0
2000-11-10 00:00:00-05:00,48.3125,48.375,47.375,47.375,45600,0.0,0.0
2000-11-13 00:00:00-05:00,47.125,47.25,46.0625,47.25,59400,0.0,0.0
2000-11-14 00:00:00-05:00,47.0625,48.8125,46.8125,48.8125,83200,0.0,0.0
2000-11-15 00:00:00-05:00,48.6875,50.5,48.6875,50.3125,147500,0.0,0.0
2000-11-16 00:00:00-05:00,50.4375,50.75,50.0,50.0625,99500,0.0,0.0
2000-11-17 00:00:00-05:00,50.3125,50.875,49.0625,50.875,215200,0.0,0.0
2000-11-20 00:00:00-05:00,50.75,50.75,47.8125,47.875,154400,0.0,0.0
2000-11-21 00:00:00-05:00,47.9375,48.3125,47.5625,48.0625,74700,0.0,0.0
2000-11-22 00:00:00-05:00,47.875,47.9375,46.75,47.625,25900,0.0,0.0
2000-11-24 00:00:00-05:00,47.625,50.0,47.4375,50.0,53700,0.0,0.0
2000-11-27 00:00:00-05:00,49.75,50.875,49.75,50.0625,124000,0.0,0.0
2000-11-28 00:00:00-05:00,49.1875,49.1875,48.125,48.625,219100,0.0,0.0
2000-11-29 00:00:00-05:00,48.625,48.75,48.0625,48.5625,91200,0.0,0.0
2000-11-30 00:00:00-05:00,48.3125,48.3125,46.625,46.9375,134800,0.0,0.0
2000-12-01 00:00:00-05:00,46.5625,47.0,45.5625,46.125,173700,0.0,0.0
2000-12-04 00:00:00-05:00,46.375,47.9375,46.375,47.3125,86900,0.0,0.0
2000-12-05 00:00:00-05:00,47.5,50.5,47.5,50.3125,122700,0.0,0.0
2000-12-06 00:00:00-05:00,50.0,50.0,48.8125,49.0,132700,0.0,0.0
2000-12-07 00:00:00-05:00,48.75,48.8125,48.1875,48.1875,70300,0.0,0.0
2000-12-08 00:00:00-05:00,48.1875,49.6875,48.1875,49.125,113300,0.0,0.0
2000-12-11 00:00:00-05:00,49.125,49.25,46.75,47.3125,209100,0.0,0.0
2000-12-12 00:00:00-05:00,47.375,47.375,46.5625,46.625,68400,0.0,0.0
2000-12-13 00:00:00-05:00,46.625,47.0,45.75,46.25,49800,0.0,0.0
2000-12-14 00:00:00-05:00,46.125,46.3125,44.8125,45.6875,75800,0.0,0.0
2000-12-15 00:00:00-05:00,45.9375,47.5625,45.625,47.3125,157500,0.0,0.0
2000-12-18 00:00:00-05:00,46.8125,48.375,46.6875,48.1875,121800,0.0,0.0
2000-12-19 00:00:00-05:00,48.3125,48.8125,47.3125,48.1875,148100,0.0,0.0
2000-12-20 00:00:00-05:00,48.375,48.625,47.9375,48.25,397100,0.0,0.0
2000-12-21 00:00:00-05:00,48.3125,48.8125,48.0,48.5,109700,0.0,0.0
2000-12-22 00:00:00-05:00,48.625,49.875,48.625,49.375,140400,0.0,0.0
2000-12-26 00:00:00-05:00,49.625,51.0625,49.625,51.0,135000,0.0,0.0
2000-12-27 00:00:00-05:00,51.0,54.375,51.0,54.0,217500,0.0,0.0
2000-12-28 00:00:00-05:00,53.875,56.0,53.5,55.625,183300,0.0,0.0
2000-12-29 00:00:00-05:00,55.5,55.75,53.6875,54.375,236000,0.0,0.0
2001-01-02 00:00:00-05:00,53.625,53.6875,51.25,52.0,134100,0.0,0.0
2001-01-03 00:00:00-05:00,52.1875,53.0,51.375,52.9375,114500,0.0,0.0
2001-01-04 00:00:00-05:00,52.9375,53.8125,52.0,52.0,140400,0.0,0.0
2001-01-05 00:00:00-05:00,52.1875,53.1875,52.0,52.3125,136400,0.0,0.0
2001-01-08 00:00:00-05:00,52.0625,52.0625,50.625,50.75,169100,0.0,0.0
2001-01-09 00:00:00-05:00,50.9375,51.25,50.0,50.625,123900,0.0,0.0
2001-01-10 00:00:00-05:00,50.6875,51.25,50.25,50.5,153100,0.0,0.0
2001-01-11 00:00:00-05:00,50.6875,53.25,50.5625,53.0625,96000,0.0,0.0
2001-01-12 00:00:00-05:00,53.0625,53.1875,51.0625,51.5625,295700,0.0,0.0
2001-01-16 00:00:00-05:00,51.3125,51.3125,49.375,49.75,299800,0.0,0.0
2001-01-17 00:00:00-05:00,49.75,50.0,46.6875,47.0,200000,0.0,0.0
2001-01-18 00:00:00-05:00,47.125,49.125,47.125,48.8125,195200,0.0,0.0
2001-01-19 00:00:00-05:00,48.5,49.125,48.25,48.6875,125300,0.0,0.0
2001-01-22 00:00:00-05:00,48.5,49.5,48.125,49.0,154700,0.0,0.0
2001-01-23 00:00:00-05:00,49.0,50.25,49.0,50.25,133300,0.0,0.0
2001-01-24 00:00:00-05:00,50.25,52.9375,49.875,51.6875,186400,0.0,0.0
2001-01-25 00:00:00-05:00,51.5,52.625,51.0625,51.3125,96600,0.0,0.0
2001-01-26 00:00:00-05:00,51.5625,51.6875,49.25,51.3125,102300,0.0,0.0
2001-01-29 00:00:00-05:00,51.060001373291016,52.0,50.849998474121094,51.599998474121094,79400,0.0,0.0
2001-01-30 00:00:00-05:00,51.70000076293945,53.70000076293945,51.599998474121094,52.7400016784668,161000,0.0,0.0
2001-01-31 00:00:00-05:00,52.849998474121094,53.91999816894531,51.7400016784668,51.79999923706055,124600,0.0,0.0
2001-02-01 00:00:00-05:00,52.0,53.290000915527344,51.5,53.04999923706055,92300,0.0,0.0
2001-02-02 00:00:00-05:00,53.0,53.150001525878906,52.150001525878906,52.150001525878906,133500,0.0,0.0
2001-02-05 00:00:00-05:00,52.400001525878906,52.400001525878906,51.349998474121094,51.41999816894531,33700,0.0,0.0
2001-02-06 00:00:00-05:00,51.5,51.599998474121094,50.65999984741211,50.65999984741211,90600,0.0,0.0
2001-02-07 00:00:00-05:00,50.65999984741211,50.65999984741211,49.25,50.13999938964844,130800,0.0,0.0
2001-02-08 00:00:00-05:00,50.119998931884766,51.70000076293945,50.119998931884766,50.70000076293945,76600,0.0,0.0
2001-02-09 00:00:00-05:00,50.900001525878906,52.25,49.33000183105469,49.38999938964844,250700,0.0,0.0
2001-02-12 00:00:00-05:00,49.5,49.599998474121094,47.95000076293945,48.20000076293945,354400,0.0,0.0
2001-02-13 00:00:00-05:00,48.45000076293945,49.97999954223633,48.45000076293945,49.5,104100,0.0,0.0
2001-02-14 00:00:00-05:00,49.5,50.099998474121094,49.5,50.04999923706055,92200,0.0,0.0
2001-02-15 00:00:00-05:00,50.150001525878906,50.20000076293945,49.75,49.970001220703125,231100,0.0,0.0
2001-02-16 00:00:00-05:00,49.77000045776367,50.650001525878906,49.470001220703125,49.95000076293945,235600,0.0,0.0
2001-02-20 00:00:00-05:00,50.04999923706055,50.29999923706055,49.83000183105469,49.900001525878906,146600,0.0,0.0
2001-02-21 00:00:00-05:00,49.75,49.75,48.2400016784668,49.0,266800,0.0,0.0
2001-02-22 00:00:00-05:00,49.0,49.04999923706055,46.849998474121094,47.15999984741211,170100,0.0,0.0
2001-02-23 00:00:00-05:00,47.349998474121094,47.849998474121094,46.11000061035156,47.720001220703125,99100,0.0,0.0
2001-02-26 00:00:00-05:00,47.79999923706055,47.849998474121094,45.31999969482422,45.31999969482422,195500,0.0,0.0
2001-02-27 00:00:00-05:00,45.349998474121094,45.5,43.400001525878906,44.5,237600,0.0,0.0
2001-02-28 00:00:00-05:00,44.349998474121094,45.40999984741211,42.5,45.380001068115234,230200,0.0,0.0
2001-03-01 00:00:00-05:00,45.29999923706055,45.849998474121094,44.650001525878906,45.25,145300,0.0,0.0
2001-03-02 00:00:00-05:00,45.349998474121094,46.79999923706055,45.18000030517578,46.20000076293945,110400,0.0,0.0
2001-03-05 00:00:00-05:00,46.209999084472656,47.70000076293945,46.20000076293945,47.689998626708984,166600,0.0,0.0
2001-03-06 00:00:00-05:00,48.349998474121094,49.33000183105469,47.75,47.75,172900,0.0,0.0
2001-03-07 00:00:00-05:00,47.79999923706055,47.88999938964844,47.150001525878906,47.5,188500,0.0,0.0
2001-03-08 00:00:00-05:00,47.599998474121094,48.0,47.04999923706055,47.099998474121094,49500,0.0,0.0
2001-03-09 00:00:00-05:00,47.5,47.5,45.599998474121094,45.90999984741211,138100,0.0,0.0
2001-03-12 00:00:00-05:00,45.90999984741211,45.95000076293945,43.599998474121094,43.68000030517578,158800,0.0,0.0
2001-03-13 00:00:00-05:00,43.68000030517578,43.75,41.349998474121094,42.599998474121094,223000,0.0,0.0
2001-03-14 00:00:00-05:00,42.20000076293945,43.5,42.20000076293945,43.400001525878906,240000,0.0,0.0
2001-03-15 00:00:00-05:00,43.5,44.63999938964844,43.45000076293945,44.63999938964844,173700,0.0,0.0
2001-03-16 00:00:00-05:00,44.54999923706055,44.54999923706055,42.54999923706055,42.790000915527344,233300,0.0,0.0
2001-03-19 00:00:00-05:00,42.900001525878906,42.900001525878906,41.29999923706055,42.31999969482422,117800,0.0,0.0
2001-03-20 00:00:00-05:00,42.31999969482422,43.70000076293945,41.599998474121094,41.599998474121094,226800,0.0,0.0
2001-03-21 00:00:00-05:00,41.75,42.29999923706055,41.41999816894531,42.27000045776367,117800,0.0,0.0
2001-03-22 00:00:00-05:00,42.0,42.0,36.5,38.0,715300,0.0,0.0
2001-03-23 00:00:00-05:00,38.79999923706055,41.04999923706055,38.75,40.099998474121094,460400,0.0,0.0
2001-03-26 00:00:00-05:00,40.099998474121094,40.45000076293945,39.77000045776367,40.31999969482422,284000,0.0,0.0
2001-03-27 00:00:00-05:00,40.099998474121094,40.83000183105469,39.5,40.70000076293945,104400,0.0,0.0
2001-03-28 00:00:00-05:00,40.599998474121094,41.900001525878906,39.970001220703125,41.29999923706055,127300,0.0,0.0
2001-03-29 00:00:00-05:00,41.099998474121094,43.06999969482422,41.099998474121094,41.689998626708984,271200,0.0,0.0
2001-03-30 00:00:00-05:00,41.790000915527344,41.790000915527344,39.97999954223633,41.15999984741211,186800,0.0,0.0
2001-04-02 00:00:00-04:00,41.5,41.959999084472656,40.0,40.0,95500,0.0,0.0
2001-04-03 00:00:00-04:00,39.849998474121094,41.939998626708984,39.400001525878906,40.380001068115234,174800,0.0,0.0
2001-04-04 00:00:00-04:00,40.20000076293945,41.91999816894531,40.20000076293945,41.09000015258789,80200,0.0,0.0
2001-04-05 00:00:00-04:00,41.900001525878906,43.790000915527344,41.75,43.29999923706055,145400,0.0,0.0
2001-04-06 00:00:00-04:00,42.54999923706055,42.54999923706055,41.11000061035156,42.0099983215332,110200,0.0,0.0
2001-04-09 00:00:00-04:00,42.310001373291016,43.900001525878906,41.900001525878906,43.400001525878906,100600,0.0,0.0
2001-04-10 00:00:00-04:00,42.75,43.06999969482422,41.0,41.0,251400,0.0,0.0
2001-04-11 00:00:00-04:00,41.099998474121094,41.11000061035156,38.900001525878906,38.95000076293945,283800,0.0,0.0
2001-04-12 00:00:00-04:00,38.939998626708984,39.290000915527344,38.29999923706055,38.439998626708984,340800,0.0,0.0
2001-04-16 00:00:00-04:00,38.439998626708984,39.439998626708984,37.95000076293945,39.439998626708984,231100,0.0,0.0
2001-04-17 00:00:00-04:00,39.400001525878906,40.95000076293945,39.279998779296875,40.95000076293945,176300,0.0,0.0
2001-04-18 00:00:00-04:00,40.79999923706055,43.54999923706055,40.79999923706055,43.15999984741211,453600,0.0,0.0
2001-04-19 00:00:00-04:00,43.099998474121094,43.400001525878906,42.20000076293945,43.400001525878906,140200,0.0,0.0
2001-04-20 00:00:00-04:00,43.349998474121094,43.349998474121094,41.2599983215332,42.560001373291016,68700,0.0,0.0
2001-04-23 00:00:00-04:00,42.349998474121094,42.349998474121094,41.0099983215332,41.25,101500,0.0,0.0
2001-04-24 00:00:00-04:00,41.2400016784668,41.619998931884766,41.0099983215332,41.25,164000,0.0,0.0
2001-04-25 00:00:00-04:00,41.25,43.400001525878906,41.150001525878906,43.400001525878906,127600,0.0,0.0
2001-04-26 00:00:00-04:00,43.25,44.45000076293945,43.04999923706055,43.27000045776367,114400,0.0,0.0
2001-04-27 00:00:00-04:00,43.79999923706055,44.099998474121094,42.150001525878906,43.290000915527344,149300,0.0,0.0
2001-04-30 00:00:00-04:00,43.290000915527344,45.20000076293945,43.290000915527344,44.25,267800,0.0,0.0
2001-05-01 00:00:00-04:00,44.25,44.25,43.599998474121094,43.900001525878906,158300,0.0,0.0
2001-05-02 00:00:00-04:00,44.099998474121094,45.349998474121094,43.97999954223633,45.20000076293945,95300,0.0,0.0
2001-05-03 00:00:00-04:00,45.099998474121094,45.900001525878906,44.5,45.20000076293945,123100,0.0,0.0
2001-05-04 00:00:00-04:00,45.209999084472656,45.709999084472656,44.349998474121094,45.70000076293945,199700,0.0,0.0
2001-05-07 00:00:00-04:00,45.54999923706055,48.25,45.45000076293945,47.0,148800,0.0,0.0
2001-05-08 00:00:00-04:00,46.900001525878906,46.900001525878906,46.0,46.31999969482422,233400,0.0,0.0
2001-05-09 00:00:00-04:00,46.599998474121094,47.150001525878906,46.29999923706055,46.56999969482422,127200,0.0,0.0
2001-05-10 00:00:00-04:00,46.400001525878906,46.790000915527344,46.099998474121094,46.41999816894531,151200,0.0,0.0
2001-05-11 00:00:00-04:00,46.20000076293945,46.5,45.40999984741211,45.560001373291016,68200,0.0,0.0
2001-05-14 00:00:00-04:00,45.810001373291016,46.0,45.5099983215332,45.70000076293945,51300,0.0,0.0
2001-05-15 00:00:00-04:00,45.54999923706055,45.970001220703125,45.099998474121094,45.650001525878906,116700,0.0,0.0
2001-05-16 00:00:00-04:00,45.79999923706055,46.900001525878906,45.20000076293945,46.38999938964844,203500,0.0,0.0
2001-05-17 00:00:00-04:00,46.400001525878906,47.5,46.0099983215332,47.400001525878906,164100,0.0,0.0
2001-05-18 00:00:00-04:00,47.25,50.0,47.04999923706055,50.0,245900,0.0,0.0
2001-05-21 00:00:00-04:00,49.79999923706055,50.91999816894531,47.900001525878906,50.849998474121094,334600,0.0,0.0
2001-05-22 00:00:00-04:00,51.0,52.20000076293945,50.5,51.29999923706055,320200,0.0,0.0
2001-05-23 00:00:00-04:00,51.20000076293945,51.20000076293945,48.08000183105469,48.5,248900,0.0,0.0
2001-05-24 00:00:00-04:00,48.5,49.060001373291016,47.849998474121094,48.220001220703125,150500,0.0,0.0
2001-05-25 00:00:00-04:00,48.25,48.900001525878906,48.25,48.5,132400,0.0,0.0
2001-05-29 00:00:00-04:00,48.599998474121094,48.599998474121094,46.95000076293945,46.95000076293945,107800,0.0,0.0
2001-05-30 00:00:00-04:00,46.5,46.5,44.29999923706055,44.29999923706055,154900,0.0,0.0
2001-05-31 00:00:00-04:00,44.20000076293945,45.599998474121094,44.0,44.900001525878906,389000,0.0,0.0
2001-06-01 00:00:00-04:00,44.900001525878906,46.20000076293945,44.599998474121094,46.20000076293945,129000,0.0,0.0
2001-06-04 00:00:00-04:00,46.04999923706055,48.90999984741211,45.849998474121094,47.810001373291016,127000,0.0,0.0
2001-06-05 00:00:00-04:00,47.560001373291016,47.959999084472656,46.5,47.209999084472656,114300,0.0,0.0
2001-06-06 00:00:00-04:00,47.349998474121094,47.95000076293945,45.84000015258789,45.970001220703125,103100,0.0,0.0
2001-06-07 00:00:00-04:00,46.04999923706055,46.5,45.75,46.119998931884766,106800,0.0,0.0
2001-06-08 00:00:00-04:00,46.29999923706055,46.29999923706055,44.61000061035156,45.0,90200,0.0,0.0
2001-06-11 00:00:00-04:00,45.150001525878906,45.22999954223633,44.79999923706055,45.029998779296875,122500,0.0,0.0
2001-06-12 00:00:00-04:00,44.79999923706055,44.79999923706055,42.529998779296875,42.529998779296875,334200,0.0,0.0
2001-06-13 00:00:00-04:00,42.52000045776367,43.54999923706055,42.0,43.119998931884766,238200,0.0,0.0
2001-06-14 00:00:00-04:00,43.0,43.0,41.849998474121094,42.20000076293945,128700,0.0,0.0
2001-06-15 00:00:00-04:00,42.099998474121094,42.650001525878906,41.900001525878906,42.40999984741211,91200,0.0,0.0
2001-06-18 00:00:00-04:00,42.29999923706055,43.0,40.349998474121094,40.97999954223633,165700,0.0,0.0
2001-06-19 00:00:00-04:00,41.20000076293945,41.279998779296875,39.0,39.599998474121094,361300,0.0,0.0
2001-06-20 00:00:00-04:00,39.61000061035156,41.349998474121094,39.150001525878906,41.099998474121094,545000,0.0,0.0
2001-06-21 00:00:00-04:00,40.75,42.20000076293945,40.66999816894531,42.040000915527344,263500,0.0,0.0
2001-06-22 00:00:00-04:00,42.5,43.29999923706055,41.849998474121094,42.79999923706055,184700,0.0,0.0
2001-06-25 00:00:00-04:00,42.810001373291016,43.349998474121094,42.599998474121094,42.79999923706055,228900,0.0,0.0
2001-06-26 00:00:00-04:00,42.79999923706055,42.79999923706055,41.59000015258789,41.77000045776367,136000,0.0,0.0
2001-06-27 00:00:00-04:00,42.040000915527344,43.06999969482422,42.040000915527344,42.880001068115234,118800,0.0,0.0
2001-06-28 00:00:00-04:00,42.79999923706055,44.79999923706055,42.709999084472656,43.25,354400,0.0,0.0
2001-06-29 00:00:00-04:00,43.349998474121094,44.79999923706055,42.29999923706055,43.25,648800,0.0,0.0
2001-07-02 00:00:00-04:00,43.25,43.2599983215332,42.63999938964844,42.84000015258789,89700,0.0,0.0
2001-07-03 00:00:00-04:00,42.779998779296875,44.20000076293945,42.779998779296875,43.61000061035156,104800,0.0,0.0
2001-07-05 00:00:00-04:00,43.36000061035156,43.95000076293945,43.0,43.599998474121094,197000,0.0,0.0
2001-07-06 00:00:00-04:00,43.599998474121094,43.599998474121094,43.0,43.369998931884766,123900,0.0,0.0
2001-07-09 00:00:00-04:00,43.27000045776367,43.959999084472656,42.900001525878906,43.349998474121094,162800,0.0,0.0
2001-07-10 00:00:00-04:00,43.400001525878906,44.29999923706055,43.400001525878906,43.959999084472656,375200,0.0,0.0
2001-07-11 00:00:00-04:00,43.959999084472656,43.959999084472656,43.04999923706055,43.18000030517578,159900,0.0,0.0
2001-07-12 00:00:00-04:00,43.43000030517578,44.54999923706055,43.43000030517578,44.09000015258789,473200,0.0,0.0
2001-07-13 00:00:00-04:00,44.20000076293945,44.25,43.25,43.310001373291016,118100,0.0,0.0
2001-07-16 00:00:00-04:00,44.25,44.25,43.529998779296875,43.599998474121094,155700,0.0,0.0
2001-07-17 00:00:00-04:00,43.70000076293945,44.900001525878906,43.599998474121094,44.45000076293945,151800,0.0,0.0
2001-07-18 00:00:00-04:00,44.45000076293945,45.25,41.439998626708984,42.18000030517578,735800,0.0,0.0
2001-07-19 00:00:00-04:00,43.0,43.93000030517578,42.650001525878906,43.13999938964844,377400,0.0,0.0
2001-07-20 00:00:00-04:00,42.88999938964844,43.5,42.68000030517578,43.0,78200,0.0,0.0
2001-07-23 00:00:00-04:00,43.099998474121094,43.45000076293945,42.9900016784668,43.0,94600,0.0,0.0
2001-07-24 00:00:00-04:00,43.20000076293945,43.20000076293945,41.70000076293945,41.7400016784668,294700,0.0,0.0
2001-07-25 00:00:00-04:00,41.79999923706055,42.0,40.900001525878906,41.029998779296875,187400,0.0,0.0
2001-07-26 00:00:00-04:00,41.0,41.95000076293945,40.95000076293945,41.79999923706055,148400,0.0,0.0
2001-07-27 00:00:00-04:00,42.5,44.349998474121094,41.95000076293945,43.599998474121094,351000,0.0,0.0
2001-07-30 00:00:00-04:00,43.0,43.45000076293945,42.0099983215332,42.70000076293945,147900,0.0,0.0
2001-07-31 00:00:00-04:00,42.45000076293945,43.099998474121094,42.380001068115234,42.599998474121094,78200,0.0,0.0
2001-08-01 00:00:00-04:00,42.70000076293945,43.0,42.29999923706055,42.38999938964844,55500,0.0,0.0
2001-08-02 00:00:00-04:00,42.349998474121094,42.9900016784668,41.349998474121094,41.5099983215332,200200,0.0,0.0
2001-08-03 00:00:00-04:00,41.650001525878906,43.540000915527344,41.619998931884766,43.20000076293945,184800,0.0,0.0
2001-08-06 00:00:00-04:00,43.150001525878906,44.22999954223633,43.04999923706055,43.04999923706055,104500,0.0,0.0
2001-08-07 00:00:00-04:00,42.95000076293945,43.849998474121094,42.900001525878906,43.209999084472656,66200,0.0,0.0
2001-08-08 00:00:00-04:00,43.209999084472656,43.72999954223633,42.869998931884766,43.310001373291016,68200,0.0,0.0
2001-08-09 00:00:00-04:00,43.310001373291016,43.5,42.7599983215332,43.5,62800,0.0,0.0
2001-08-10 00:00:00-04:00,43.29999923706055,43.58000183105469,42.79999923706055,43.5,42400,0.0,0.0
2001-08-13 00:00:00-04:00,44.5,44.599998474121094,43.849998474121094,44.400001525878906,123500,0.0,0.0
2001-08-14 00:00:00-04:00,44.79999923706055,44.79999923706055,44.43000030517578,44.5099983215332,75800,0.0,0.0
2001-08-15 00:00:00-04:00,44.5,44.70000076293945,44.5,44.5099983215332,113400,0.0,0.0
2001-08-16 00:00:00-04:00,44.5,44.900001525878906,44.209999084472656,44.560001373291016,106500,0.0,0.0
2001-08-17 00:00:00-04:00,44.459999084472656,44.599998474121094,44.290000915527344,44.400001525878906,55600,0.0,0.0
2001-08-20 00:00:00-04:00,44.400001525878906,44.400001525878906,43.29999923706055,44.400001525878906,189700,0.0,0.0
2001-08-21 00:00:00-04:00,44.400001525878906,45.349998474121094,44.400001525878906,44.52000045776367,122300,0.0,0.0
2001-08-22 00:00:00-04:00,44.52000045776367,45.79999923706055,44.52000045776367,45.38999938964844,153300,0.0,0.0
2001-08-23 00:00:00-04:00,45.400001525878906,45.90999984741211,45.29999923706055,45.540000915527344,86600,0.0,0.0
2001-08-24 00:00:00-04:00,45.599998474121094,47.150001525878906,45.45000076293945,46.63999938964844,479700,0.0,0.0
2001-08-27 00:00:00-04:00,47.25,49.20000076293945,46.709999084472656,46.79999923706055,321800,0.0,0.0
2001-08-28 00:00:00-04:00,46.79999923706055,47.0,45.91999816894531,45.91999816894531,144800,0.0,0.0
2001-08-29 00:00:00-04:00,45.95000076293945,46.349998474121094,45.5,45.95000076293945,56400,0.0,0.0
2001-08-30 00:00:00-04:00,45.70000076293945,45.83000183105469,45.150001525878906,45.720001220703125,104900,0.0,0.0
2001-08-31 00:00:00-04:00,45.20000076293945,45.939998626708984,45.20000076293945,45.77000045776367,78400,0.0,0.0
2001-09-04 00:00:00-04:00,45.77000045776367,46.25,45.720001220703125,45.7400016784668,76100,0.0,0.0
2001-09-05 00:00:00-04:00,45.63999938964844,45.63999938964844,45.0099983215332,45.40999984741211,62200,0.0,0.0
2001-09-06 00:00:00-04:00,45.41999816894531,46.900001525878906,45.25,46.0,187300,0.0,0.0
2001-09-07 00:00:00-04:00,46.0,46.0,44.18000030517578,44.2599983215332,160400,0.0,0.0
2001-09-10 00:00:00-04:00,44.27000045776367,44.349998474121094,43.0,43.29999923706055,148000,0.0,0.0
2001-09-17 00:00:00-04:00,42.29999923706055,42.959999084472656,41.20000076293945,41.25,69300,0.0,0.0
2001-09-18 00:00:00-04:00,41.75,43.150001525878906,41.650001525878906,42.25,134400,0.0,0.0
2001-09-19 00:00:00-04:00,42.400001525878906,42.400001525878906,38.97999954223633,39.0,171500,0.0,0.0
2001-09-20 00:00:00-04:00,38.95000076293945,38.95000076293945,37.0,37.900001525878906,268300,0.0,0.0
2001-09-21 00:00:00-04:00,37.900001525878906,39.400001525878906,37.849998474121094,38.400001525878906,152800,0.0,0.0
2001-09-24 00:00:00-04:00,38.400001525878906,40.150001525878906,38.400001525878906,40.150001525878906,102400,0.0,0.0
2001-09-25 00:00:00-04:00,40.150001525878906,40.59000015258789,39.79999923706055,40.43000030517578,105900,0.0,0.0
2001-09-26 00:00:00-04:00,40.22999954223633,40.75,39.900001525878906,40.619998931884766,76300,0.0,0.0
2001-09-27 00:00:00-04:00,40.349998474121094,41.849998474121094,39.900001525878906,41.75,96600,0.0,0.0
2001-09-28 00:00:00-04:00,41.7599983215332,42.70000076293945,41.099998474121094,42.13999938964844,198700,0.0,0.0
2001-10-01 00:00:00-04:00,42.34000015258789,42.34000015258789,41.29999923706055,41.97999954223633,124200,0.0,0.0
2001-10-02 00:00:00-04:00,41.779998779296875,42.0,41.0,41.650001525878906,83700,0.0,0.0
2001-10-03 00:00:00-04:00,41.400001525878906,41.400001525878906,39.97999954223633,40.5,209200,0.0,0.0
2001-10-04 00:00:00-04:00,40.70000076293945,41.41999816894531,40.61000061035156,41.27000045776367,81100,0.0,0.0
2001-10-05 00:00:00-04:00,41.150001525878906,41.150001525878906,40.150001525878906,40.959999084472656,61500,0.0,0.0
2001-10-08 00:00:00-04:00,40.79999923706055,40.79999923706055,40.099998474121094,40.290000915527344,38400,0.0,0.0
2001-10-09 00:00:00-04:00,40.25,40.5,40.0,40.31999969482422,103000,0.0,0.0
2001-10-10 00:00:00-04:00,40.31999969482422,43.0,40.150001525878906,42.900001525878906,125000,0.0,0.0
2001-10-11 00:00:00-04:00,43.0,44.779998779296875,43.0,44.5,162200,0.0,0.0
2001-10-12 00:00:00-04:00,44.400001525878906,44.9900016784668,44.0,44.97999954223633,133900,0.0,0.0
2001-10-15 00:00:00-04:00,44.75,45.0,43.5,44.88999938964844,106400,0.0,0.0
2001-10-16 00:00:00-04:00,44.790000915527344,47.70000076293945,44.790000915527344,47.099998474121094,195500,0.0,0.0
2001-10-17 00:00:00-04:00,47.11000061035156,49.0,46.91999816894531,47.220001220703125,512500,0.0,0.0
2001-10-18 00:00:00-04:00,47.0,47.5,46.0099983215332,46.0099983215332,140700,0.0,0.0
2001-10-19 00:00:00-04:00,46.0,46.720001220703125,45.75,45.83000183105469,135900,0.0,0.0
2001-10-22 00:00:00-04:00,46.0,46.75,45.75,45.95000076293945,221800,0.0,0.0
2001-10-23 00:00:00-04:00,46.150001525878906,47.119998931884766,45.849998474121094,46.5,133600,0.0,0.0
2001-10-24 00:00:00-04:00,46.650001525878906,48.0,46.400001525878906,47.400001525878906,161200,0.0,0.0
2001-10-25 00:00:00-04:00,47.20000076293945,47.560001373291016,47.11000061035156,47.33000183105469,131700,0.0,0.0
2001-10-26 00:00:00-04:00,47.900001525878906,48.0,47.29999923706055,47.5,73200,0.0,0.0
2001-10-29 00:00:00-05:00,47.650001525878906,47.75,46.5,46.61000061035156,129300,0.0,0.0
2001-10-30 00:00:00-05:00,46.61000061035156,46.61000061035156,45.54999923706055,45.54999923706055,71400,0.0,0.0
2001-10-31 00:00:00-05:00,45.75,46.29999923706055,45.75,45.90999984741211,170500,0.0,0.0
2001-11-01 00:00:00-05:00,46.15999984741211,46.45000076293945,45.79999923706055,46.20000076293945,94000,0.0,0.0
2001-11-02 00:00:00-05:00,46.150001525878906,49.0,45.70000076293945,48.810001373291016,489600,0.0,0.0
2001-11-05 00:00:00-05:00,48.70000076293945,49.75,48.150001525878906,48.25,411400,0.0,0.0
2001-11-06 00:00:00-05:00,48.25,48.459999084472656,46.95000076293945,47.279998779296875,241600,0.0,0.0
2001-11-07 00:00:00-05:00,47.400001525878906,47.4900016784668,45.599998474121094,47.0,285700,0.0,0.0
2001-11-08 00:00:00-05:00,46.900001525878906,47.599998474121094,46.75,46.90999984741211,124000,0.0,0.0
2001-11-09 00:00:00-05:00,46.810001373291016,46.90999984741211,45.54999923706055,46.0,198200,0.0,0.0
2001-11-12 00:00:00-05:00,46.25,46.9900016784668,45.560001373291016,45.79999923706055,130500,0.0,0.0
2001-11-13 00:00:00-05:00,46.79999923706055,47.20000076293945,46.4900016784668,46.75,291500,0.0,0.0
2001-11-14 00:00:00-05:00,47.0,47.900001525878906,46.599998474121094,47.20000076293945,359700,0.0,0.0
2001-11-15 00:00:00-05:00,46.79999923706055,47.900001525878906,46.619998931884766,47.43000030517578,162000,0.0,0.0
2001-11-16 00:00:00-05:00,47.400001525878906,48.849998474121094,47.099998474121094,48.439998626708984,167000,0.0,0.0
2001-11-19 00:00:00-05:00,47.75,48.70000076293945,47.70000076293945,48.630001068115234,183700,0.0,0.0
2001-11-20 00:00:00-05:00,48.54999923706055,49.5,48.4900016784668,48.619998931884766,220500,0.0,0.0
2001-11-21 00:00:00-05:00,48.619998931884766,48.79999923706055,46.31999969482422,48.36000061035156,156000,0.0,0.0
2001-11-23 00:00:00-05:00,48.61000061035156,48.75,48.5,48.75,22400,0.0,0.0
2001-11-26 00:00:00-05:00,48.75,48.97999954223633,48.599998474121094,48.81999969482422,150200,0.0,0.0
2001-11-27 00:00:00-05:00,48.75,49.5,48.65999984741211,49.20000076293945,143100,0.0,0.0
2001-11-28 00:00:00-05:00,49.0,49.099998474121094,48.75,48.7599983215332,111700,0.0,0.0
2001-11-29 00:00:00-05:00,48.7599983215332,49.47999954223633,47.56999969482422,49.25,112400,0.0,0.0
2001-11-30 00:00:00-05:00,49.150001525878906,49.75,48.900001525878906,49.27000045776367,251800,0.0,0.0
2001-12-03 00:00:00-05:00,49.150001525878906,49.400001525878906,49.0,49.25,68900,0.0,0.0
2001-12-04 00:00:00-05:00,49.29999923706055,49.79999923706055,49.27000045776367,49.560001373291016,164400,0.0,0.0
2001-12-05 00:00:00-05:00,49.0,51.79999923706055,48.79999923706055,51.75,374100,0.0,0.0
2001-12-06 00:00:00-05:00,50.5,50.790000915527344,50.099998474121094,50.47999954223633,374600,0.0,0.0
2001-12-07 00:00:00-05:00,50.29999923706055,50.29999923706055,49.20000076293945,49.72999954223633,161800,0.0,0.0
2001-12-10 00:00:00-05:00,49.72999954223633,50.150001525878906,48.66999816894531,49.15999984741211,227600,0.0,0.0
2001-12-11 00:00:00-05:00,48.95000076293945,49.599998474121094,48.95000076293945,49.2599983215332,151100,0.0,0.0
2001-12-12 00:00:00-05:00,49.15999984741211,49.43000030517578,47.709999084472656,48.060001373291016,160300,0.0,0.0
2001-12-13 00:00:00-05:00,48.060001373291016,48.54999923706055,47.20000076293945,48.20000076293945,141900,0.0,0.0
2001-12-14 00:00:00-05:00,48.0,48.040000915527344,47.61000061035156,48.040000915527344,54100,0.0,0.0
2001-12-17 00:00:00-05:00,47.84000015258789,48.0,47.25,48.0,103200,0.0,0.0
2001-12-18 00:00:00-05:00,48.0,50.0,48.0,50.0,118900,0.0,0.0
2001-12-19 00:00:00-05:00,49.849998474121094,49.849998474121094,49.0,49.29999923706055,121700,0.0,0.0
2001-12-20 00:00:00-05:00,49.25,50.16999816894531,49.0099983215332,49.95000076293945,272600,0.0,0.0
2001-12-21 00:00:00-05:00,49.95000076293945,51.02000045776367,49.95000076293945,50.0,279500,0.0,0.0
2001-12-24 00:00:00-05:00,50.25,50.54999923706055,50.25,50.27000045776367,17400,0.0,0.0
2001-12-26 00:00:00-05:00,50.29999923706055,51.75,50.29999923706055,51.5,123200,0.0,0.0
2001-12-27 00:00:00-05:00,51.5,51.72999954223633,50.150001525878906,50.79999923706055,111300,0.0,0.0
2001-12-28 00:00:00-05:00,51.20000076293945,51.47999954223633,50.9900016784668,51.150001525878906,113100,0.0,0.0
2001-12-31 00:00:00-05:00,51.400001525878906,51.97999954223633,50.650001525878906,51.849998474121094,117800,0.0,0.0
2002-01-02 00:00:00-05:00,51.849998474121094,51.849998474121094,50.439998626708984,51.0,130700,0.0,0.0
2002-01-03 00:00:00-05:00,51.0,51.0,49.9900016784668,50.0,209900,0.0,0.0
2002-01-04 00:00:00-05:00,50.25,50.25,49.0,49.599998474121094,243600,0.0,0.0
2002-01-07 00:00:00-05:00,49.849998474121094,49.869998931884766,48.25,48.310001373291016,257900,0.0,0.0
2002-01-08 00:00:00-05:00,48.349998474121094,49.45000076293945,48.34000015258789,49.18000030517578,97900,0.0,0.0
2002-01-09 00:00:00-05:00,49.43000030517578,49.849998474121094,48.25,48.25,110500,0.0,0.0
2002-01-10 00:00:00-05:00,48.25,49.0,48.18000030517578,48.959999084472656,93000,0.0,0.0
2002-01-11 00:00:00-05:00,48.959999084472656,49.400001525878906,47.970001220703125,47.970001220703125,143600,0.0,0.0
2002-01-14 00:00:00-05:00,47.75,48.09000015258789,47.099998474121094,47.45000076293945,155400,0.0,0.0
2002-01-15 00:00:00-05:00,47.20000076293945,47.20000076293945,45.0,45.38999938964844,255500,0.0,0.0
2002-01-16 00:00:00-05:00,45.38999938964844,45.38999938964844,43.619998931884766,44.709999084472656,213600,0.0,0.0
2002-01-17 00:00:00-05:00,44.959999084472656,48.0,44.959999084472656,47.599998474121094,294300,0.0,0.0
2002-01-18 00:00:00-05:00,47.099998474121094,47.099998474121094,46.0099983215332,46.04999923706055,137200,0.0,0.0
2002-01-22 00:00:00-05:00,46.099998474121094,46.599998474121094,45.59000015258789,45.599998474121094,73000,0.0,0.0
2002-01-23 00:00:00-05:00,45.75,47.130001068115234,45.75,46.369998931884766,334000,0.0,0.0
2002-01-24 00:00:00-05:00,46.5099983215332,46.650001525878906,46.20000076293945,46.20000076293945,193000,0.0,0.0
2002-01-25 00:00:00-05:00,46.20000076293945,46.25,45.400001525878906,46.0,369600,0.0,0.0
2002-01-28 00:00:00-05:00,46.18000030517578,47.31999969482422,46.150001525878906,47.18000030517578,125900,0.0,0.0
2002-01-29 00:00:00-05:00,47.75,47.75,46.939998626708984,47.0,123100,0.0,0.0
2002-01-30 00:00:00-05:00,46.95000076293945,47.54999923706055,46.369998931884766,47.25,115900,0.0,0.0
2002-01-31 00:00:00-05:00,47.400001525878906,48.04999923706055,46.79999923706055,47.099998474121094,50800,0.0,0.0
2002-02-01 00:00:00-05:00,47.04999923706055,48.75,47.04999923706055,48.5,115900,0.0,0.0
2002-02-04 00:00:00-05:00,48.25,48.459999084472656,46.79999923706055,47.0,135200,0.0,0.0
2002-02-05 00:00:00-05:00,47.25,47.25,45.72999954223633,45.77000045776367,138800,0.0,0.0
2002-02-06 00:00:00-05:00,46.0,46.08000183105469,45.599998474121094,45.61000061035156,201300,0.0,0.0
2002-02-07 00:00:00-05:00,45.79999923706055,45.83000183105469,45.599998474121094,45.70000076293945,75000,0.0,0.0
2002-02-08 00:00:00-05:00,45.95000076293945,46.20000076293945,45.70000076293945,45.86000061035156,177800,0.0,0.0
2002-02-11 00:00:00-05:00,46.25,47.91999816894531,46.25,47.599998474121094,113700,0.0,0.0
2002-02-12 00:00:00-05:00,47.599998474121094,48.11000061035156,47.349998474121094,48.02000045776367,100900,0.0,0.0
2002-02-13 00:00:00-05:00,48.040000915527344,48.599998474121094,48.0,48.29999923706055,144600,0.0,0.0
2002-02-14 00:00:00-05:00,48.290000915527344,48.63999938964844,47.650001525878906,47.849998474121094,190800,0.0,0.0
2002-02-15 00:00:00-05:00,47.75,47.900001525878906,47.099998474121094,47.880001068115234,106400,0.0,0.0
2002-02-19 00:00:00-05:00,46.75,47.599998474121094,46.04999923706055,47.150001525878906,166800,0.0,0.0
2002-02-20 00:00:00-05:00,47.150001525878906,47.52000045776367,46.77000045776367,47.099998474121094,167600,0.0,0.0
2002-02-21 00:00:00-05:00,47.099998474121094,48.099998474121094,46.5,46.77000045776367,104300,0.0,0.0
2002-02-22 00:00:00-05:00,46.54999923706055,46.900001525878906,46.11000061035156,46.560001373291016,69100,0.0,0.0
2002-02-25 00:00:00-05:00,45.75,46.970001220703125,45.75,46.75,88500,0.0,0.0
2002-02-26 00:00:00-05:00,46.650001525878906,48.0,46.33000183105469,47.790000915527344,59200,0.0,0.0
2002-02-27 00:00:00-05:00,47.79999923706055,48.599998474121094,47.54999923706055,47.77000045776367,113700,0.0,0.0
2002-02-28 00:00:00-05:00,48.02000045776367,48.86000061035156,48.0,48.45000076293945,193800,0.0,0.0
2002-03-01 00:00:00-05:00,48.25,48.25,44.75,45.5,498000,0.0,0.0
2002-03-04 00:00:00-05:00,45.5,45.849998474121094,45.04999923706055,45.04999923706055,341300,0.0,0.0
2002-03-05 00:00:00-05:00,45.099998474121094,45.5,44.75,45.45000076293945,249000,0.0,0.0
2002-03-06 00:00:00-05:00,45.439998626708984,45.849998474121094,44.869998931884766,45.2400016784668,196300,0.0,0.0
2002-03-07 00:00:00-05:00,45.33000183105469,45.54999923706055,44.650001525878906,45.27000045776367,236400,0.0,0.0
2002-03-08 00:00:00-05:00,45.5,46.25,45.20000076293945,45.40999984741211,96900,0.0,0.0
2002-03-11 00:00:00-05:00,45.40999984741211,45.40999984741211,43.900001525878906,44.04999923706055,234300,0.0,0.0
2002-03-12 00:00:00-05:00,45.20000076293945,45.290000915527344,43.099998474121094,43.439998626708984,377800,0.0,0.0
2002-03-13 00:00:00-05:00,43.439998626708984,44.47999954223633,42.79999923706055,44.220001220703125,247300,0.0,0.0
2002-03-14 00:00:00-05:00,44.25,44.84000015258789,43.61000061035156,43.880001068115234,323700,0.0,0.0
2002-03-15 00:00:00-05:00,43.90999984741211,44.20000076293945,43.47999954223633,43.599998474121094,235600,0.0,0.0
2002-03-18 00:00:00-05:00,43.75,44.040000915527344,43.650001525878906,43.88999938964844,248600,0.0,0.0
2002-03-19 00:00:00-05:00,44.45000076293945,44.88999938964844,44.099998474121094,44.099998474121094,180600,0.0,0.0
2002-03-20 00:00:00-05:00,44.0,44.0,43.29999923706055,43.380001068115234,123000,0.0,0.0
2002-03-21 00:00:00-05:00,43.20000076293945,47.25,43.15999984741211,44.9900016784668,318400,0.0,0.0
2002-03-22 00:00:00-05:00,44.75,45.5,44.099998474121094,45.2400016784668,198000,0.0,0.0
2002-03-25 00:00:00-05:00,45.099998474121094,45.150001525878906,44.63999938964844,44.7599983215332,126700,0.0,0.0
2002-03-26 00:00:00-05:00,45.0,45.5,44.900001525878906,45.400001525878906,201300,0.0,0.0
2002-03-27 00:00:00-05:00,45.650001525878906,45.650001525878906,44.63999938964844,44.88999938964844,147000,0.0,0.0
2002-03-28 00:00:00-05:00,45.0,45.599998474121094,44.70000076293945,45.2599983215332,144800,0.0,0.0
2002-04-01 00:00:00-05:00,45.4900016784668,45.7400016784668,45.099998474121094,45.560001373291016,121400,0.0,0.0
2002-04-02 00:00:00-05:00,45.5,45.7400016784668,45.150001525878906,45.20000076293945,149700,0.0,0.0
2002-04-03 00:00:00-05:00,43.75,44.47999954223633,43.13999938964844,44.400001525878906,309600,0.0,0.0
2002-04-04 00:00:00-05:00,44.0,44.79999923706055,43.599998474121094,44.79999923706055,198900,0.0,0.0
2002-04-05 00:00:00-05:00,44.70000076293945,44.75,43.849998474121094,43.86000061035156,188100,0.0,0.0
2002-04-08 00:00:00-04:00,43.70000076293945,43.7400016784668,42.20000076293945,42.5,309900,0.0,0.0
2002-04-09 00:00:00-04:00,41.75,42.20000076293945,41.630001068115234,41.65999984741211,467900,0.0,0.0
2002-04-10 00:00:00-04:00,41.79999923706055,42.150001525878906,41.04999923706055,41.25,514800,0.0,0.0
2002-04-11 00:00:00-04:00,41.2400016784668,41.27000045776367,39.79999923706055,40.0,284200,0.0,0.0
2002-04-12 00:00:00-04:00,40.25,41.2400016784668,39.54999923706055,40.63999938964844,336600,0.0,0.0
2002-04-15 00:00:00-04:00,40.63999938964844,40.9900016784668,40.27000045776367,40.529998779296875,154300,0.0,0.0
2002-04-16 00:00:00-04:00,40.75,42.20000076293945,40.75,42.20000076293945,301600,0.0,0.0
2002-04-17 00:00:00-04:00,42.45000076293945,42.5,41.29999923706055,41.29999923706055,148100,0.0,0.0
2002-04-18 00:00:00-04:00,41.400001525878906,41.79999923706055,41.0099983215332,41.099998474121094,278300,0.0,0.0
2002-04-19 00:00:00-04:00,41.150001525878906,41.16999816894531,40.04999923706055,40.04999923706055,162700,0.0,0.0
2002-04-22 00:00:00-04:00,39.599998474121094,40.04999923706055,38.61000061035156,39.81999969482422,439900,0.0,0.0
2002-04-23 00:00:00-04:00,39.720001220703125,39.95000076293945,39.349998474121094,39.619998931884766,221400,0.0,0.0
2002-04-24 00:00:00-04:00,39.380001068115234,40.61000061035156,38.52000045776367,40.5,353900,0.0,0.0
2002-04-25 00:00:00-04:00,36.0,39.20000076293945,35.650001525878906,38.68000030517578,1643400,0.0,0.0
2002-04-26 00:00:00-04:00,38.43000030517578,38.9900016784668,37.0,38.619998931884766,381500,0.0,0.0
2002-04-29 00:00:00-04:00,38.400001525878906,39.0,38.099998474121094,38.810001373291016,284900,0.0,0.0
2002-04-30 00:00:00-04:00,38.349998474121094,39.0,38.279998779296875,38.45000076293945,320600,0.0,0.0
2002-05-01 00:00:00-04:00,38.349998474121094,39.0,37.599998474121094,38.220001220703125,263700,0.0,0.0
2002-05-02 00:00:00-04:00,38.099998474121094,38.90999984741211,38.0,38.310001373291016,106000,0.0,0.0
2002-05-03 00:00:00-04:00,38.279998779296875,39.459999084472656,37.79999923706055,38.619998931884766,213600,0.0,0.0
2002-05-06 00:00:00-04:00,38.5,40.0,38.43000030517578,39.779998779296875,404200,0.0,0.0
2002-05-07 00:00:00-04:00,41.0,41.040000915527344,39.84000015258789,40.0,410300,0.0,0.0
2002-05-08 00:00:00-04:00,40.25,40.79999923706055,39.900001525878906,40.400001525878906,301700,0.0,0.0
2002-05-09 00:00:00-04:00,40.79999923706055,40.959999084472656,39.75,39.790000915527344,180200,0.0,0.0
2002-05-10 00:00:00-04:00,39.88999938964844,39.97999954223633,39.349998474121094,39.54999923706055,162100,0.0,0.0
2002-05-13 00:00:00-04:00,39.650001525878906,40.04999923706055,39.5,40.040000915527344,163700,0.0,0.0
2002-05-14 00:00:00-04:00,40.25,40.470001220703125,40.0,40.11000061035156,333300,0.0,0.0
2002-05-15 00:00:00-04:00,39.880001068115234,41.83000183105469,39.84000015258789,41.5,360800,0.0,0.0
2002-05-16 00:00:00-04:00,41.349998474121094,41.459999084472656,40.70000076293945,40.95000076293945,390700,0.0,0.0
2002-05-17 00:00:00-04:00,40.95000076293945,41.54999923706055,40.86000061035156,41.060001373291016,159900,0.0,0.0
2002-05-20 00:00:00-04:00,40.959999084472656,41.70000076293945,40.900001525878906,41.529998779296875,154400,0.0,0.0
2002-05-21 00:00:00-04:00,41.5,43.04999923706055,41.5,42.29999923706055,418500,0.0,0.0
2002-05-22 00:00:00-04:00,42.189998626708984,42.400001525878906,41.349998474121094,41.72999954223633,198300,0.0,0.0
2002-05-23 00:00:00-04:00,41.630001068115234,41.849998474121094,41.099998474121094,41.470001220703125,117400,0.0,0.0
2002-05-24 00:00:00-04:00,41.45000076293945,41.5,40.61000061035156,40.61000061035156,69500,0.0,0.0
2002-05-28 00:00:00-04:00,40.619998931884766,41.150001525878906,40.0,40.79999923706055,177800,0.0,0.0
2002-05-29 00:00:00-04:00,41.0,41.11000061035156,40.75,40.7599983215332,163300,0.0,0.0
2002-05-30 00:00:00-04:00,41.0,41.0,40.380001068115234,40.40999984741211,159600,0.0,0.0
2002-05-31 00:00:00-04:00,40.599998474121094,41.150001525878906,40.29999923706055,40.650001525878906,123600,0.0,0.0
2002-06-03 00:00:00-04:00,40.52000045776367,40.529998779296875,40.099998474121094,40.11000061035156,100400,0.0,0.0
2002-06-04 00:00:00-04:00,39.95000076293945,40.119998931884766,39.5,39.95000076293945,342900,0.0,0.0
2002-06-05 00:00:00-04:00,39.75,39.779998779296875,39.04999923706055,39.4900016784668,153900,0.0,0.0
2002-06-06 00:00:00-04:00,39.459999084472656,39.459999084472656,38.939998626708984,38.939998626708984,151400,0.0,0.0
2002-06-07 00:00:00-04:00,38.0,38.0099983215332,37.689998626708984,37.900001525878906,238700,0.0,0.0
2002-06-10 00:00:00-04:00,37.91999816894531,39.04999923706055,37.91999816894531,39.04999923706055,193100,0.0,0.0
2002-06-11 00:00:00-04:00,38.849998474121094,38.95000076293945,37.75,37.79999923706055,274200,0.0,0.0
2002-06-12 00:00:00-04:00,37.599998474121094,38.29999923706055,37.310001373291016,37.95000076293945,231300,0.0,0.0
2002-06-13 00:00:00-04:00,37.95000076293945,38.31999969482422,37.95000076293945,38.0099983215332,114100,0.0,0.0
2002-06-14 00:00:00-04:00,37.95000076293945,37.95000076293945,37.25,37.900001525878906,251600,0.0,0.0
2002-06-17 00:00:00-04:00,37.91999816894531,39.689998626708984,37.91999816894531,39.689998626708984,197700,0.0,0.0
2002-06-18 00:00:00-04:00,39.689998626708984,40.5,39.099998474121094,39.540000915527344,209700,0.0,0.0
2002-06-19 00:00:00-04:00,39.20000076293945,40.40999984741211,39.150001525878906,40.099998474121094,136700,0.0,0.0
2002-06-20 00:00:00-04:00,39.599998474121094,39.7400016784668,38.849998474121094,39.29999923706055,208300,0.0,0.0
2002-06-21 00:00:00-04:00,39.04999923706055,39.290000915527344,38.75,38.9900016784668,141300,0.0,0.0
2002-06-24 00:00:00-04:00,38.88999938964844,38.900001525878906,37.29999923706055,38.11000061035156,180700,0.0,0.0
2002-06-25 00:00:00-04:00,38.11000061035156,38.2400016784668,37.790000915527344,38.0,114500,0.0,0.0
2002-06-26 00:00:00-04:00,36.95000076293945,37.33000183105469,36.33000183105469,37.0,199000,0.0,0.0
2002-06-27 00:00:00-04:00,37.0,37.65999984741211,36.849998474121094,37.400001525878906,260500,0.0,0.0
2002-06-28 00:00:00-04:00,36.54999923706055,37.0,36.54999923706055,36.869998931884766,370700,0.0,0.0
2002-07-01 00:00:00-04:00,36.869998931884766,36.869998931884766,35.349998474121094,35.36000061035156,280100,0.0,0.0
2002-07-02 00:00:00-04:00,36.0,36.0,33.91999816894531,34.0,489700,0.0,0.0
2002-07-03 00:00:00-04:00,33.849998474121094,34.75,33.79999923706055,34.5,765000,0.0,0.0
2002-07-05 00:00:00-04:00,34.75,35.45000076293945,34.70000076293945,34.90999984741211,139300,0.0,0.0
2002-07-08 00:00:00-04:00,34.65999984741211,34.900001525878906,33.599998474121094,34.0,219600,0.0,0.0
2002-07-09 00:00:00-04:00,34.0,34.15999984741211,33.630001068115234,33.720001220703125,325000,0.0,0.0
2002-07-10 00:00:00-04:00,33.7400016784668,33.95000076293945,32.79999923706055,33.119998931884766,237600,0.0,0.0
2002-07-11 00:00:00-04:00,32.5,33.560001373291016,32.5,33.290000915527344,367600,0.0,0.0
2002-07-12 00:00:00-04:00,33.349998474121094,33.5,33.150001525878906,33.29999923706055,133400,0.0,0.0
2002-07-15 00:00:00-04:00,33.400001525878906,33.79999923706055,31.559999465942383,32.400001525878906,281800,0.0,0.0
2002-07-16 00:00:00-04:00,32.20000076293945,32.47999954223633,31.350000381469727,32.13999938964844,230600,0.0,0.0
2002-07-17 00:00:00-04:00,31.25,31.260000228881836,25.200000762939453,27.0,3816300,0.0,0.0
2002-07-18 00:00:00-04:00,27.25,28.09000015258789,27.100000381469727,28.010000228881836,1222200,0.0,0.0
2002-07-19 00:00:00-04:00,27.850000381469727,28.0,26.799999237060547,26.81999969482422,441000,0.0,0.0
2002-07-22 00:00:00-04:00,26.899999618530273,27.299999237060547,25.700000762939453,25.979999542236328,554100,0.0,0.0
2002-07-23 00:00:00-04:00,26.0,26.399999618530273,25.969999313354492,26.149999618530273,445900,0.0,0.0
2002-07-24 00:00:00-04:00,25.799999237060547,27.0,24.850000381469727,26.709999084472656,409200,0.0,0.0
2002-07-25 00:00:00-04:00,26.459999084472656,27.100000381469727,25.5,25.770000457763672,422800,0.0,0.0
2002-07-26 00:00:00-04:00,25.770000457763672,27.25,25.770000457763672,26.950000762939453,362300,0.0,0.0
2002-07-29 00:00:00-04:00,27.75,29.190000534057617,27.450000762939453,28.75,271500,0.0,0.0
2002-07-30 00:00:00-04:00,28.760000228881836,29.479999542236328,28.100000381469727,28.75,510400,0.0,0.0
2002-07-31 00:00:00-04:00,28.719999313354492,28.719999313354492,28.0,28.450000762939453,279800,0.0,0.0
2002-08-01 00:00:00-04:00,28.440000534057617,28.6200008392334,27.8700008392334,28.25,195900,0.0,0.0
2002-08-02 00:00:00-04:00,28.299999237060547,28.31999969482422,27.25,27.709999084472656,137500,0.0,0.0
2002-08-05 00:00:00-04:00,27.600000381469727,27.770000457763672,25.899999618530273,25.899999618530273,191800,0.0,0.0
2002-08-06 00:00:00-04:00,25.93000030517578,27.450000762939453,25.93000030517578,27.3799991607666,197200,0.0,0.0
2002-08-07 00:00:00-04:00,27.600000381469727,28.139999389648438,27.5,27.799999237060547,423300,0.0,0.0
2002-08-08 00:00:00-04:00,28.399999618530273,29.549999237060547,28.25,29.540000915527344,317500,0.0,0.0
2002-08-09 00:00:00-04:00,29.200000762939453,29.649999618530273,28.549999237060547,29.420000076293945,208200,0.0,0.0
2002-08-12 00:00:00-04:00,29.31999969482422,29.950000762939453,28.90999984741211,29.8799991607666,169500,0.0,0.0
2002-08-13 00:00:00-04:00,29.799999237060547,29.899999618530273,29.100000381469727,29.309999465942383,167600,0.0,0.0
2002-08-14 00:00:00-04:00,29.059999465942383,29.649999618530273,28.729999542236328,29.600000381469727,209300,0.0,0.0
2002-08-15 00:00:00-04:00,29.600000381469727,29.899999618530273,29.600000381469727,29.899999618530273,258900,0.0,0.0
2002-08-16 00:00:00-04:00,29.700000762939453,30.0,29.649999618530273,29.8700008392334,212900,0.0,0.0
2002-08-19 00:00:00-04:00,29.850000381469727,30.0,29.75,30.0,334900,0.0,0.0
2002-08-20 00:00:00-04:00,29.989999771118164,30.110000610351562,29.639999389648438,29.799999237060547,209000,0.0,0.0
2002-08-21 00:00:00-04:00,29.829999923706055,30.75,29.829999923706055,30.450000762939453,187700,0.0,0.0
2002-08-22 00:00:00-04:00,30.399999618530273,31.0,30.079999923706055,30.649999618530273,129800,0.0,0.0
2002-08-23 00:00:00-04:00,30.649999618530273,30.649999618530273,29.399999618530273,29.780000686645508,221400,0.0,0.0
2002-08-26 00:00:00-04:00,29.850000381469727,30.450000762939453,29.780000686645508,30.450000762939453,125800,0.0,0.0
2002-08-27 00:00:00-04:00,30.200000762939453,30.739999771118164,29.850000381469727,30.739999771118164,147400,0.0,0.0
2002-08-28 00:00:00-04:00,30.299999237060547,30.600000381469727,29.40999984741211,29.760000228881836,157200,0.0,0.0
2002-08-29 00:00:00-04:00,29.549999237060547,30.049999237060547,29.469999313354492,30.049999237060547,87000,0.0,0.0
2002-08-30 00:00:00-04:00,29.899999618530273,29.940000534057617,29.5,29.559999465942383,109600,0.0,0.0
2002-09-03 00:00:00-04:00,28.09000015258789,28.649999618530273,27.440000534057617,28.139999389648438,479100,0.0,0.0
2002-09-04 00:00:00-04:00,28.079999923706055,28.649999618530273,27.579999923706055,28.510000228881836,241200,0.0,0.0
2002-09-05 00:00:00-04:00,28.510000228881836,28.510000228881836,27.700000762939453,28.299999237060547,194000,0.0,0.0
2002-09-06 00:00:00-04:00,28.549999237060547,30.09000015258789,28.549999237060547,30.010000228881836,218200,0.0,0.0
2002-09-09 00:00:00-04:00,29.700000762939453,29.799999237060547,29.100000381469727,29.799999237060547,191800,0.0,0.0
2002-09-10 00:00:00-04:00,29.799999237060547,30.510000228881836,29.75,30.399999618530273,106500,0.0,0.0
2002-09-11 00:00:00-04:00,30.25,30.75,30.25,30.420000076293945,66300,0.0,0.0
2002-09-12 00:00:00-04:00,30.43000030517578,30.43000030517578,29.75,29.760000228881836,100700,0.0,0.0
2002-09-13 00:00:00-04:00,30.010000228881836,30.350000381469727,29.75,30.0,128300,0.0,0.0
2002-09-16 00:00:00-04:00,30.0,30.190000534057617,29.850000381469727,30.020000457763672,159800,0.0,0.0
2002-09-17 00:00:00-04:00,30.030000686645508,30.030000686645508,29.5,29.610000610351562,147200,0.0,0.0
2002-09-18 00:00:00-04:00,28.799999237060547,29.18000030517578,27.950000762939453,28.90999984741211,354500,0.0,0.0
2002-09-19 00:00:00-04:00,28.600000381469727,28.770000457763672,28.270000457763672,28.739999771118164,107700,0.0,0.0
2002-09-20 00:00:00-04:00,28.81999969482422,29.0,28.360000610351562,28.5,150700,0.0,0.0
2002-09-23 00:00:00-04:00,28.5,28.5,27.899999618530273,28.149999618530273,123700,0.0,0.0
2002-09-24 00:00:00-04:00,28.1200008392334,28.479999542236328,27.350000381469727,27.709999084472656,346000,0.0,0.0
2002-09-25 00:00:00-04:00,27.700000762939453,27.75,26.899999618530273,27.6200008392334,173200,0.0,0.0
2002-09-26 00:00:00-04:00,27.81999969482422,28.200000762939453,27.549999237060547,27.850000381469727,166400,0.0,0.0
2002-09-27 00:00:00-04:00,27.450000762939453,27.600000381469727,26.639999389648438,26.65999984741211,376300,0.0,0.0
2002-09-30 00:00:00-04:00,26.5,26.5,25.149999618530273,26.0,323100,0.0,0.0
2002-10-01 00:00:00-04:00,26.110000610351562,26.799999237060547,25.40999984741211,26.799999237060547,309500,0.0,0.0
2002-10-02 00:00:00-04:00,26.75,28.110000610351562,26.75,27.049999237060547,251300,0.0,0.0
2002-10-03 00:00:00-04:00,26.899999618530273,27.31999969482422,26.329999923706055,27.25,183300,0.0,0.0
2002-10-04 00:00:00-04:00,27.600000381469727,27.700000762939453,26.700000762939453,26.889999389648438,268000,0.0,0.0
2002-10-07 00:00:00-04:00,26.75,26.75,26.0,26.18000030517578,148500,0.0,0.0
2002-10-08 00:00:00-04:00,26.100000381469727,27.399999618530273,25.81999969482422,27.0,434300,0.0,0.0
2002-10-09 00:00:00-04:00,26.899999618530273,27.100000381469727,26.600000381469727,26.950000762939453,407700,0.0,0.0
2002-10-10 00:00:00-04:00,26.549999237060547,27.350000381469727,26.299999237060547,27.100000381469727,240600,0.0,0.0
2002-10-11 00:00:00-04:00,27.110000610351562,28.1200008392334,27.0,27.90999984741211,293000,0.0,0.0
2002-10-14 00:00:00-04:00,27.90999984741211,28.950000762939453,27.90999984741211,28.850000381469727,90800,0.0,0.0
2002-10-15 00:00:00-04:00,29.5,29.850000381469727,28.6200008392334,29.15999984741211,267100,0.0,0.0
2002-10-16 00:00:00-04:00,29.15999984741211,29.15999984741211,28.0,28.5,131900,0.0,0.0
2002-10-17 00:00:00-04:00,28.5,29.100000381469727,28.239999771118164,28.93000030517578,169900,0.0,0.0
2002-10-18 00:00:00-04:00,28.940000534057617,29.5,28.93000030517578,29.079999923706055,126400,0.0,0.0
2002-10-21 00:00:00-04:00,29.079999923706055,29.1200008392334,28.399999618530273,28.799999237060547,233500,0.0,0.0
2002-10-22 00:00:00-04:00,28.690000534057617,29.059999465942383,28.25,28.420000076293945,169100,0.0,0.0
2002-10-23 00:00:00-04:00,28.31999969482422,29.200000762939453,28.219999313354492,29.200000762939453,138900,0.0,0.0
2002-10-24 00:00:00-04:00,29.399999618530273,30.190000534057617,28.799999237060547,28.850000381469727,137700,0.0,0.0
2002-10-25 00:00:00-04:00,28.75,29.549999237060547,28.75,29.530000686645508,59100,0.0,0.0
2002-10-28 00:00:00-05:00,29.700000762939453,30.75,29.700000762939453,30.010000228881836,127200,0.0,0.0
2002-10-29 00:00:00-05:00,30.0,30.010000228881836,29.25,29.940000534057617,139100,0.0,0.0
2002-10-30 00:00:00-05:00,29.399999618530273,30.09000015258789,29.399999618530273,30.06999969482422,146100,0.0,0.0
2002-10-31 00:00:00-05:00,30.0,30.729999542236328,29.799999237060547,29.950000762939453,203100,0.0,0.0
2002-11-01 00:00:00-05:00,29.93000030517578,32.5,29.93000030517578,32.13999938964844,451000,0.0,0.0
2002-11-04 00:00:00-05:00,32.34000015258789,33.779998779296875,32.20000076293945,33.52000045776367,292000,0.0,0.0
2002-11-05 00:00:00-05:00,33.099998474121094,33.599998474121094,32.5,33.439998626708984,219500,0.0,0.0
2002-11-06 00:00:00-05:00,33.45000076293945,33.93000030517578,33.130001068115234,33.849998474121094,142000,0.0,0.0
2002-11-07 00:00:00-05:00,33.25,33.54999923706055,32.75,33.22999954223633,148300,0.0,0.0
2002-11-08 00:00:00-05:00,32.70000076293945,35.04999923706055,32.5,34.18000030517578,340300,0.0,0.0
2002-11-11 00:00:00-05:00,34.189998626708984,34.29999923706055,32.58000183105469,32.66999816894531,326600,0.0,0.0
2002-11-12 00:00:00-05:00,32.41999816894531,33.900001525878906,32.41999816894531,33.59000015258789,95700,0.0,0.0
2002-11-13 00:00:00-05:00,33.34000015258789,34.29999923706055,33.150001525878906,33.9900016784668,74300,0.0,0.0
2002-11-14 00:00:00-05:00,34.099998474121094,34.150001525878906,33.599998474121094,34.040000915527344,296400,0.0,0.0
2002-11-15 00:00:00-05:00,34.0,34.400001525878906,33.0,34.0,321100,0.0,0.0
2002-11-18 00:00:00-05:00,34.20000076293945,34.41999816894531,34.04999923706055,34.099998474121094,114500,0.0,0.0
2002-11-19 00:00:00-05:00,34.099998474121094,34.45000076293945,34.060001373291016,34.13999938964844,56700,0.0,0.0
2002-11-20 00:00:00-05:00,34.13999938964844,35.0,34.130001068115234,34.869998931884766,100000,0.0,0.0
2002-11-21 00:00:00-05:00,34.66999816894531,36.099998474121094,34.54999923706055,35.47999954223633,214200,0.0,0.0
2002-11-22 00:00:00-05:00,35.459999084472656,36.349998474121094,35.439998626708984,36.08000183105469,271800,0.0,0.0
2002-11-25 00:00:00-05:00,36.70000076293945,37.040000915527344,36.349998474121094,36.86000061035156,408400,0.0,0.0
2002-11-26 00:00:00-05:00,36.849998474121094,36.900001525878906,35.79999923706055,35.9900016784668,141200,0.0,0.0
2002-11-27 00:00:00-05:00,36.040000915527344,36.54999923706055,35.79999923706055,36.16999816894531,138000,0.0,0.0
2002-11-29 00:00:00-05:00,36.16999816894531,36.95000076293945,36.16999816894531,36.54999923706055,65000,0.0,0.0
2002-12-02 00:00:00-05:00,36.79999923706055,37.0,35.869998931884766,36.04999923706055,113300,0.0,0.0
2002-12-03 00:00:00-05:00,36.060001373291016,36.060001373291016,34.650001525878906,34.650001525878906,118500,0.0,0.0
2002-12-04 00:00:00-05:00,34.400001525878906,34.40999984741211,33.290000915527344,33.7599983215332,415400,0.0,0.0
2002-12-05 00:00:00-05:00,33.70000076293945,33.849998474121094,33.349998474121094,33.65999984741211,342200,0.0,0.0
2002-12-06 00:00:00-05:00,33.5,33.95000076293945,33.29999923706055,33.689998626708984,220100,0.0,0.0
2002-12-09 00:00:00-05:00,33.689998626708984,33.689998626708984,32.369998931884766,32.45000076293945,91500,0.0,0.0
2002-12-10 00:00:00-05:00,32.599998474121094,32.83000183105469,32.25,32.650001525878906,219400,0.0,0.0
2002-12-11 00:00:00-05:00,32.650001525878906,33.619998931884766,32.54999923706055,33.400001525878906,579800,0.0,0.0
2002-12-12 00:00:00-05:00,33.5,33.560001373291016,32.59000015258789,32.790000915527344,78300,0.0,0.0
2002-12-13 00:00:00-05:00,32.599998474121094,32.599998474121094,31.450000762939453,32.02000045776367,197200,0.0,0.0
2002-12-16 00:00:00-05:00,30.75,33.04999923706055,30.75,32.91999816894531,261100,0.0,0.0
2002-12-17 00:00:00-05:00,32.75,33.04999923706055,32.400001525878906,32.5,64500,0.0,0.0
2002-12-18 00:00:00-05:00,32.0,32.91999816894531,32.0,32.220001220703125,123100,0.0,0.0
2002-12-19 00:00:00-05:00,32.220001220703125,32.900001525878906,32.02000045776367,32.599998474121094,175100,0.0,0.0
2002-12-20 00:00:00-05:00,32.68000030517578,33.349998474121094,32.68000030517578,33.29999923706055,115400,0.0,0.0
2002-12-23 00:00:00-05:00,33.29999923706055,33.900001525878906,32.79999923706055,33.029998779296875,84700,0.0,0.0
2002-12-24 00:00:00-05:00,33.0,33.380001068115234,32.900001525878906,33.0,38400,0.0,0.0
2002-12-26 00:00:00-05:00,33.02000045776367,33.849998474121094,33.02000045776367,33.5,83100,0.0,0.0
2002-12-27 00:00:00-05:00,32.75,33.29999923706055,32.20000076293945,32.529998779296875,67000,0.0,0.0
2002-12-30 00:00:00-05:00,32.470001220703125,32.540000915527344,31.1299991607666,32.130001068115234,133200,0.0,0.0
2002-12-31 00:00:00-05:00,31.75,32.400001525878906,31.75,32.060001373291016,132700,0.0,0.0
2003-01-02 00:00:00-05:00,32.25,33.279998779296875,32.150001525878906,32.650001525878906,230600,0.0,0.0
2003-01-03 00:00:00-05:00,32.650001525878906,33.650001525878906,32.54999923706055,33.29999923706055,131400,0.0,0.0
2003-01-06 00:00:00-05:00,33.45000076293945,33.56999969482422,32.5,33.220001220703125,199300,0.0,0.0
2003-01-07 00:00:00-05:00,33.20000076293945,33.54999923706055,33.04999923706055,33.31999969482422,100600,0.0,0.0
2003-01-08 00:00:00-05:00,33.29999923706055,33.29999923706055,32.369998931884766,32.369998931884766,45000,0.0,0.0
2003-01-09 00:00:00-05:00,32.45000076293945,33.209999084472656,32.45000076293945,33.099998474121094,182900,0.0,0.0
2003-01-10 00:00:00-05:00,33.09000015258789,33.900001525878906,33.09000015258789,33.75,97300,0.0,0.0
2003-01-13 00:00:00-05:00,33.75,34.25,33.400001525878906,34.119998931884766,173700,0.0,0.0
2003-01-14 00:00:00-05:00,34.099998474121094,34.099998474121094,33.439998626708984,33.54999923706055,117800,0.0,0.0
2003-01-15 00:00:00-05:00,33.5,33.52000045776367,32.400001525878906,32.599998474121094,283200,0.0,0.0
2003-01-16 00:00:00-05:00,32.599998474121094,32.72999954223633,32.20000076293945,32.349998474121094,182200,0.0,0.0
2003-01-17 00:00:00-05:00,32.25,32.25,31.799999237060547,31.899999618530273,91100,0.0,0.0
2003-01-21 00:00:00-05:00,31.899999618530273,32.22999954223633,31.700000762939453,31.889999389648438,166700,0.0,0.0
2003-01-22 00:00:00-05:00,31.770000457763672,31.770000457763672,31.010000228881836,31.100000381469727,100800,0.0,0.0
2003-01-23 00:00:00-05:00,31.229999542236328,31.489999771118164,31.010000228881836,31.489999771118164,75600,0.0,0.0
2003-01-24 00:00:00-05:00,31.489999771118164,31.489999771118164,30.950000762939453,30.950000762939453,54200,0.0,0.0
2003-01-27 00:00:00-05:00,30.950000762939453,31.110000610351562,30.780000686645508,31.020000457763672,80400,0.0,0.0
2003-01-28 00:00:00-05:00,31.100000381469727,31.399999618530273,30.860000610351562,31.350000381469727,118100,0.0,0.0
2003-01-29 00:00:00-05:00,31.350000381469727,31.350000381469727,30.649999618530273,31.09000015258789,55500,0.0,0.0
2003-01-30 00:00:00-05:00,31.049999237060547,31.049999237060547,30.450000762939453,30.479999542236328,53100,0.0,0.0
2003-01-31 00:00:00-05:00,30.549999237060547,30.75,30.149999618530273,30.479999542236328,95100,0.0,0.0
2003-02-03 00:00:00-05:00,30.59000015258789,30.809999465942383,30.299999237060547,30.690000534057617,132300,0.0,0.0
2003-02-04 00:00:00-05:00,30.549999237060547,30.75,30.200000762939453,30.420000076293945,114000,0.0,0.0
2003-02-05 00:00:00-05:00,30.200000762939453,30.84000015258789,30.200000762939453,30.6299991607666,70800,0.0,0.0
2003-02-06 00:00:00-05:00,30.399999618530273,30.40999984741211,29.75,29.969999313354492,87400,0.0,0.0
2003-02-07 00:00:00-05:00,30.5,30.5,29.5,29.90999984741211,152400,0.0,0.0
2003-02-10 00:00:00-05:00,29.75,29.75,29.15999984741211,29.75,80000,0.0,0.0
2003-02-11 00:00:00-05:00,29.75,30.0,29.200000762939453,29.450000762939453,198300,0.0,0.0
2003-02-12 00:00:00-05:00,29.5,29.510000228881836,28.760000228881836,29.049999237060547,183300,0.0,0.0
2003-02-13 00:00:00-05:00,29.0,29.469999313354492,28.899999618530273,29.309999465942383,188600,0.0,0.0
2003-02-14 00:00:00-05:00,29.149999618530273,29.549999237060547,28.950000762939453,29.299999237060547,129100,0.0,0.0
2003-02-18 00:00:00-05:00,29.360000610351562,29.639999389648438,29.049999237060547,29.510000228881836,191400,0.0,0.0
2003-02-19 00:00:00-05:00,29.549999237060547,29.559999465942383,29.09000015258789,29.229999542236328,37700,0.0,0.0
2003-02-20 00:00:00-05:00,29.25,29.350000381469727,28.989999771118164,29.0,43100,0.0,0.0
2003-02-21 00:00:00-05:00,29.049999237060547,29.530000686645508,28.649999618530273,29.530000686645508,128700,0.0,0.0
2003-02-24 00:00:00-05:00,29.530000686645508,29.530000686645508,28.899999618530273,29.0,68500,0.0,0.0
2003-02-25 00:00:00-05:00,28.799999237060547,28.90999984741211,28.43000030517578,28.899999618530273,91700,0.0,0.0
2003-02-26 00:00:00-05:00,28.850000381469727,29.25,28.850000381469727,29.149999618530273,49100,0.0,0.0
2003-02-27 00:00:00-05:00,29.049999237060547,29.450000762939453,28.899999618530273,29.450000762939453,48300,0.0,0.0
2003-02-28 00:00:00-05:00,29.75,29.940000534057617,29.3700008392334,29.860000610351562,59900,0.0,0.0
2003-03-03 00:00:00-05:00,29.860000610351562,30.030000686645508,29.420000076293945,29.479999542236328,86500,0.0,0.0
2003-03-04 00:00:00-05:00,29.479999542236328,29.75,29.100000381469727,29.200000762939453,61400,0.0,0.0
2003-03-05 00:00:00-05:00,29.100000381469727,29.489999771118164,29.049999237060547,29.260000228881836,62800,0.0,0.0
2003-03-06 00:00:00-05:00,29.510000228881836,29.75,29.149999618530273,29.549999237060547,120900,0.0,0.0
2003-03-07 00:00:00-05:00,29.600000381469727,29.709999084472656,29.34000015258789,29.649999618530273,76200,0.0,0.0
2003-03-10 00:00:00-05:00,29.600000381469727,29.719999313354492,29.34000015258789,29.68000030517578,151900,0.0,0.0
2003-03-11 00:00:00-05:00,29.6299991607666,29.799999237060547,29.239999771118164,29.260000228881836,114800,0.0,0.0
2003-03-12 00:00:00-05:00,29.190000534057617,29.299999237060547,29.110000610351562,29.200000762939453,79200,0.0,0.0
2003-03-13 00:00:00-05:00,29.450000762939453,29.950000762939453,29.290000915527344,29.950000762939453,101500,0.0,0.0
2003-03-14 00:00:00-05:00,29.989999771118164,30.079999923706055,29.5,29.799999237060547,69000,0.0,0.0
2003-03-17 00:00:00-05:00,29.799999237060547,30.979999542236328,29.5,30.75,119700,0.0,0.0
2003-03-18 00:00:00-05:00,30.93000030517578,31.280000686645508,30.75,30.799999237060547,121300,0.0,0.0
2003-03-19 00:00:00-05:00,30.56999969482422,30.850000381469727,30.299999237060547,30.790000915527344,78900,0.0,0.0
2003-03-20 00:00:00-05:00,30.59000015258789,30.75,30.290000915527344,30.700000762939453,70800,0.0,0.0
2003-03-21 00:00:00-05:00,30.799999237060547,31.540000915527344,30.579999923706055,31.5,74600,0.0,0.0
2003-03-24 00:00:00-05:00,31.350000381469727,31.40999984741211,30.59000015258789,31.1200008392334,94900,0.0,0.0
2003-03-25 00:00:00-05:00,30.799999237060547,30.799999237060547,30.200000762939453,30.530000686645508,112800,0.0,0.0
2003-03-26 00:00:00-05:00,30.530000686645508,30.649999618530273,30.25,30.459999084472656,141500,0.0,0.0
2003-03-27 00:00:00-05:00,30.360000610351562,30.360000610351562,29.940000534057617,29.940000534057617,119100,0.0,0.0
2003-03-28 00:00:00-05:00,29.950000762939453,30.1200008392334,29.649999618530273,30.020000457763672,74400,0.0,0.0
2003-03-31 00:00:00-05:00,30.020000457763672,30.020000457763672,29.5,29.790000915527344,165100,0.0,0.0
2003-04-01 00:00:00-05:00,29.850000381469727,29.850000381469727,29.5,29.81999969482422,127600,0.0,0.0
2003-04-02 00:00:00-05:00,30.18000030517578,30.700000762939453,30.15999984741211,30.5,257500,0.0,0.0
2003-04-03 00:00:00-05:00,30.700000762939453,31.139999389648438,30.510000228881836,30.899999618530273,155700,0.0,0.0
2003-04-04 00:00:00-05:00,30.899999618530273,31.1299991607666,29.899999618530273,30.200000762939453,161200,0.0,0.0
2003-04-07 00:00:00-04:00,30.5,31.299999237060547,30.5,31.030000686645508,222200,0.0,0.0
2003-04-08 00:00:00-04:00,31.0,31.1200008392334,30.899999618530273,31.0,136300,0.0,0.0
2003-04-09 00:00:00-04:00,31.149999618530273,32.310001373291016,31.149999618530273,32.09000015258789,224300,0.0,0.0
2003-04-10 00:00:00-04:00,32.0,33.0,31.450000762939453,32.70000076293945,256600,0.0,0.0
2003-04-11 00:00:00-04:00,32.709999084472656,33.20000076293945,32.709999084472656,32.95000076293945,154900,0.0,0.0
2003-04-14 00:00:00-04:00,32.95000076293945,33.060001373291016,32.5,32.86000061035156,91300,0.0,0.0
2003-04-15 00:00:00-04:00,32.900001525878906,33.720001220703125,32.900001525878906,33.4900016784668,97300,0.0,0.0
2003-04-16 00:00:00-04:00,34.75,34.79999923706055,33.58000183105469,33.79999923706055,598300,0.0,0.0
2003-04-17 00:00:00-04:00,33.70000076293945,34.54999923706055,33.70000076293945,34.189998626708984,324600,0.0,0.0
2003-04-21 00:00:00-04:00,34.0,34.4900016784668,33.9900016784668,34.33000183105469,102400,0.0,0.0
2003-04-22 00:00:00-04:00,34.33000183105469,34.5,34.04999923706055,34.439998626708984,108400,0.0,0.0
2003-04-23 00:00:00-04:00,34.439998626708984,34.439998626708984,34.119998931884766,34.290000915527344,146500,0.0,0.0
2003-04-24 00:00:00-04:00,33.91999816894531,34.29999923706055,33.79999923706055,33.95000076293945,86200,0.0,0.0
2003-04-25 00:00:00-04:00,33.959999084472656,33.959999084472656,32.70000076293945,33.150001525878906,203100,0.0,0.0
2003-04-28 00:00:00-04:00,33.20000076293945,34.150001525878906,33.20000076293945,34.08000183105469,268800,0.0,0.0
2003-04-29 00:00:00-04:00,34.29999923706055,35.59000015258789,34.279998779296875,35.16999816894531,241600,0.0,0.0
2003-04-30 00:00:00-04:00,34.79999923706055,35.650001525878906,34.7400016784668,35.5,287400,0.0,0.0
2003-05-01 00:00:00-04:00,35.5,35.95000076293945,35.29999923706055,35.59000015258789,271500,0.0,0.0
2003-05-02 00:00:00-04:00,35.59000015258789,36.29999923706055,35.470001220703125,35.810001373291016,213400,0.0,0.0
2003-05-05 00:00:00-04:00,35.810001373291016,36.040000915527344,35.709999084472656,35.77000045776367,168100,0.0,0.0
2003-05-06 00:00:00-04:00,35.900001525878906,35.9900016784668,35.75,35.84000015258789,184700,0.0,0.0
2003-05-07 00:00:00-04:00,35.5,35.91999816894531,35.29999923706055,35.439998626708984,105800,0.0,0.0
2003-05-08 00:00:00-04:00,35.29999923706055,35.720001220703125,35.13999938964844,35.20000076293945,193300,0.0,0.0
2003-05-09 00:00:00-04:00,35.099998474121094,35.70000076293945,35.099998474121094,35.130001068115234,291400,0.0,0.0
2003-05-12 00:00:00-04:00,35.130001068115234,35.400001525878906,35.119998931884766,35.29999923706055,227700,0.0,0.0
2003-05-13 00:00:00-04:00,35.290000915527344,35.72999954223633,35.290000915527344,35.599998474121094,138300,0.0,0.0
2003-05-14 00:00:00-04:00,35.75,36.15999984741211,35.349998474121094,35.45000076293945,77000,0.0,0.0
2003-05-15 00:00:00-04:00,35.650001525878906,36.04999923706055,35.599998474121094,35.869998931884766,71300,0.0,0.0
2003-05-16 00:00:00-04:00,35.95000076293945,36.099998474121094,35.36000061035156,35.5,103100,0.0,0.0
2003-05-19 00:00:00-04:00,35.45000076293945,35.529998779296875,35.04999923706055,35.20000076293945,115100,0.0,0.0
2003-05-20 00:00:00-04:00,35.20000076293945,35.45000076293945,35.150001525878906,35.369998931884766,210000,0.0,0.0
2003-05-21 00:00:00-04:00,35.369998931884766,35.54999923706055,35.22999954223633,35.5,186100,0.0,0.0
2003-05-22 00:00:00-04:00,35.5,36.22999954223633,35.5,36.060001373291016,146700,0.0,0.0
2003-05-23 00:00:00-04:00,36.06999969482422,36.13999938964844,35.79999923706055,35.939998626708984,257400,0.0,0.0
2003-05-27 00:00:00-04:00,35.939998626708984,36.209999084472656,35.86000061035156,36.04999923706055,141300,0.0,0.0
2003-05-28 00:00:00-04:00,36.119998931884766,36.27000045776367,35.79999923706055,35.91999816894531,107300,0.0,0.0
2003-05-29 00:00:00-04:00,36.0,36.08000183105469,35.720001220703125,35.790000915527344,123700,0.0,0.0
2003-05-30 00:00:00-04:00,35.849998474121094,36.08000183105469,35.77000045776367,35.83000183105469,209800,0.0,0.0
2003-06-02 00:00:00-04:00,35.9900016784668,36.41999816894531,35.95000076293945,36.38999938964844,193300,0.0,0.0
2003-06-03 00:00:00-04:00,36.38999938964844,36.81999969482422,36.27000045776367,36.7599983215332,124600,0.0,0.0
2003-06-04 00:00:00-04:00,36.900001525878906,37.33000183105469,36.900001525878906,37.150001525878906,153200,0.0,0.0
2003-06-05 00:00:00-04:00,37.150001525878906,37.720001220703125,36.97999954223633,37.54999923706055,165000,0.0,0.0
2003-06-06 00:00:00-04:00,37.650001525878906,37.95000076293945,37.369998931884766,37.400001525878906,124500,0.0,0.0
2003-06-09 00:00:00-04:00,37.369998931884766,37.369998931884766,36.20000076293945,36.439998626708984,128700,0.0,0.0
2003-06-10 00:00:00-04:00,36.34000015258789,36.40999984741211,36.040000915527344,36.2400016784668,64700,0.0,0.0
2003-06-11 00:00:00-04:00,36.439998626708984,36.70000076293945,36.150001525878906,36.56999969482422,67900,0.0,0.0
2003-06-12 00:00:00-04:00,36.70000076293945,37.25,36.540000915527344,36.709999084472656,128900,0.0,0.0
2003-06-13 00:00:00-04:00,36.79999923706055,36.970001220703125,36.599998474121094,36.599998474121094,53900,0.0,0.0
2003-06-16 00:00:00-04:00,36.619998931884766,37.0,36.599998474121094,36.869998931884766,122000,0.0,0.0
2003-06-17 00:00:00-04:00,37.0,37.599998474121094,36.900001525878906,37.58000183105469,262000,0.0,0.0
2003-06-18 00:00:00-04:00,37.59000015258789,38.349998474121094,37.45000076293945,38.0,145800,0.0,0.0
2003-06-19 00:00:00-04:00,38.099998474121094,38.20000076293945,37.650001525878906,37.65999984741211,163000,0.0,0.0
2003-06-20 00:00:00-04:00,37.650001525878906,37.91999816894531,37.61000061035156,37.88999938964844,86200,0.0,0.0
2003-06-23 00:00:00-04:00,37.9900016784668,37.9900016784668,36.849998474121094,36.9900016784668,93100,0.0,0.0
2003-06-24 00:00:00-04:00,36.95000076293945,37.150001525878906,36.45000076293945,36.599998474121094,61900,0.0,0.0
2003-06-25 00:00:00-04:00,36.619998931884766,37.189998626708984,36.619998931884766,36.849998474121094,69800,0.0,0.0
2003-06-26 00:00:00-04:00,37.0,37.54999923706055,36.97999954223633,37.54999923706055,128500,0.0,0.0
2003-06-27 00:00:00-04:00,37.5,37.72999954223633,36.900001525878906,36.959999084472656,139300,0.0,0.0
2003-06-30 00:00:00-04:00,36.900001525878906,37.2599983215332,36.650001525878906,36.650001525878906,183600,0.0,0.0
2003-07-01 00:00:00-04:00,36.52000045776367,36.70000076293945,36.380001068115234,36.650001525878906,113300,0.0,0.0
2003-07-02 00:00:00-04:00,36.7599983215332,37.08000183105469,36.66999816894531,36.97999954223633,152200,0.0,0.0
2003-07-03 00:00:00-04:00,36.880001068115234,37.20000076293945,36.86000061035156,36.959999084472656,21800,0.0,0.0
2003-07-07 00:00:00-04:00,37.099998474121094,37.97999954223633,37.099998474121094,37.54999923706055,80400,0.0,0.0
2003-07-08 00:00:00-04:00,37.54999923706055,38.29999923706055,37.54999923706055,37.95000076293945,115000,0.0,0.0
2003-07-09 00:00:00-04:00,38.0,38.54999923706055,38.0,38.45000076293945,110300,0.0,0.0
2003-07-10 00:00:00-04:00,38.380001068115234,38.720001220703125,38.09000015258789,38.09000015258789,127000,0.0,0.0
2003-07-11 00:00:00-04:00,38.060001373291016,38.220001220703125,37.45000076293945,37.66999816894531,136400,0.0,0.0
2003-07-14 00:00:00-04:00,37.81999969482422,37.97999954223633,37.099998474121094,37.2599983215332,143000,0.0,0.0
2003-07-15 00:00:00-04:00,37.400001525878906,37.599998474121094,37.150001525878906,37.45000076293945,143100,0.0,0.0
2003-07-16 00:00:00-04:00,37.54999923706055,37.54999923706055,36.91999816894531,37.27000045776367,150000,0.0,0.0
2003-07-17 00:00:00-04:00,37.220001220703125,37.58000183105469,37.11000061035156,37.119998931884766,114700,0.0,0.0
2003-07-18 00:00:00-04:00,37.119998931884766,37.45000076293945,37.119998931884766,37.31999969482422,64000,0.0,0.0
2003-07-21 00:00:00-04:00,37.310001373291016,37.310001373291016,36.84000015258789,36.95000076293945,58900,0.0,0.0
2003-07-22 00:00:00-04:00,37.0,37.599998474121094,37.0,37.16999816894531,192100,0.0,0.0
2003-07-23 00:00:00-04:00,37.099998474121094,37.25,36.95000076293945,37.209999084472656,132800,0.0,0.0
2003-07-24 00:00:00-04:00,37.150001525878906,38.9900016784668,37.150001525878906,38.349998474121094,264400,0.0,0.0
2003-07-25 00:00:00-04:00,38.36000061035156,38.36000061035156,32.75,35.20000076293945,1538100,0.0,0.0
2003-07-28 00:00:00-04:00,36.04999923706055,36.18000030517578,35.470001220703125,35.599998474121094,427900,0.0,0.0
2003-07-29 00:00:00-04:00,35.79999923706055,35.79999923706055,35.02000045776367,35.150001525878906,153400,0.0,0.0
2003-07-30 00:00:00-04:00,35.54999923706055,35.650001525878906,35.029998779296875,35.040000915527344,274900,0.0,0.0
2003-07-31 00:00:00-04:00,35.0,35.36000061035156,34.900001525878906,34.900001525878906,197600,0.0,0.0
2003-08-01 00:00:00-04:00,34.900001525878906,35.150001525878906,34.400001525878906,34.900001525878906,201200,0.0,0.0
2003-08-04 00:00:00-04:00,34.79999923706055,35.130001068115234,34.709999084472656,34.97999954223633,105200,0.0,0.0
2003-08-05 00:00:00-04:00,35.0,35.5,34.63999938964844,34.70000076293945,106000,0.0,0.0
2003-08-06 00:00:00-04:00,34.599998474121094,34.68000030517578,34.380001068115234,34.599998474121094,108600,0.0,0.0
2003-08-07 00:00:00-04:00,34.54999923706055,34.75,34.47999954223633,34.75,141700,0.0,0.0
2003-08-08 00:00:00-04:00,34.70000076293945,34.849998474121094,34.43000030517578,34.72999954223633,62900,0.0,0.0
2003-08-11 00:00:00-04:00,34.79999923706055,35.45000076293945,34.689998626708984,35.439998626708984,66400,0.0,0.0
2003-08-12 00:00:00-04:00,35.689998626708984,35.849998474121094,35.36000061035156,35.849998474121094,72800,0.0,0.0
2003-08-13 00:00:00-04:00,35.95000076293945,36.279998779296875,35.880001068115234,36.209999084472656,56500,0.0,0.0
2003-08-14 00:00:00-04:00,36.29999923706055,36.58000183105469,36.150001525878906,36.459999084472656,80800,0.0,0.0
2003-08-15 00:00:00-04:00,36.45000076293945,36.81999969482422,36.45000076293945,36.459999084472656,21600,0.0,0.0
2003-08-18 00:00:00-04:00,36.56999969482422,37.0099983215332,36.36000061035156,36.58000183105469,94700,0.0,0.0
2003-08-19 00:00:00-04:00,36.59000015258789,37.279998779296875,36.5099983215332,36.97999954223633,76700,0.0,0.0
2003-08-20 00:00:00-04:00,36.880001068115234,37.70000076293945,36.720001220703125,37.599998474121094,82300,0.0,0.0
2003-08-21 00:00:00-04:00,37.599998474121094,38.20000076293945,37.599998474121094,37.95000076293945,94000,0.0,0.0
2003-08-22 00:00:00-04:00,37.959999084472656,39.25,37.959999084472656,38.70000076293945,377600,0.0,0.0
2003-08-25 00:00:00-04:00,38.70000076293945,38.70000076293945,38.20000076293945,38.29999923706055,331200,0.0,0.0
2003-08-26 00:00:00-04:00,38.20000076293945,38.20000076293945,37.529998779296875,37.939998626708984,156000,0.0,0.0
2003-08-27 00:00:00-04:00,38.0,38.04999923706055,37.54999923706055,37.560001373291016,73200,0.0,0.0
2003-08-28 00:00:00-04:00,37.65999984741211,37.97999954223633,37.40999984741211,37.97999954223633,96200,0.0,0.0
2003-08-29 00:00:00-04:00,38.130001068115234,39.150001525878906,38.099998474121094,38.5099983215332,76800,0.0,0.0
2003-09-02 00:00:00-04:00,37.900001525878906,38.900001525878906,37.81999969482422,38.70000076293945,148000,0.0,0.0
2003-09-03 00:00:00-04:00,38.52000045776367,39.22999954223633,38.45000076293945,38.83000183105469,126100,0.0,0.0
2003-09-04 00:00:00-04:00,38.79999923706055,39.11000061035156,38.77000045776367,38.939998626708984,127300,0.0,0.0
2003-09-05 00:00:00-04:00,39.0,39.75,38.900001525878906,39.599998474121094,164300,0.0,0.0
2003-09-08 00:00:00-04:00,39.599998474121094,39.900001525878906,39.599998474121094,39.70000076293945,97100,0.0,0.0
2003-09-09 00:00:00-04:00,39.75,39.849998474121094,39.68000030517578,39.75,111000,0.0,0.0
2003-09-10 00:00:00-04:00,39.5,39.56999969482422,38.84000015258789,39.18000030517578,174400,0.0,0.0
2003-09-11 00:00:00-04:00,39.099998474121094,39.54999923706055,39.060001373291016,39.25,68000,0.0,0.0
2003-09-12 00:00:00-04:00,39.099998474121094,39.119998931884766,38.900001525878906,38.95000076293945,102100,0.0,0.0
2003-09-15 00:00:00-04:00,38.79999923706055,38.97999954223633,37.90999984741211,38.5,168200,0.0,0.0
2003-09-16 00:00:00-04:00,38.45000076293945,38.599998474121094,38.33000183105469,38.470001220703125,146600,0.0,0.0
2003-09-17 00:00:00-04:00,38.66999816894531,38.869998931884766,38.0,38.2400016784668,187900,0.0,0.0
2003-09-18 00:00:00-04:00,37.900001525878906,38.060001373291016,37.45000076293945,38.0099983215332,156300,0.0,0.0
2003-09-19 00:00:00-04:00,38.02000045776367,38.04999923706055,37.849998474121094,37.93000030517578,93300,0.0,0.0
2003-09-22 00:00:00-04:00,37.849998474121094,38.0,37.29999923706055,37.5,110500,0.0,0.0
2003-09-23 00:00:00-04:00,37.5,37.70000076293945,36.689998626708984,36.79999923706055,282800,0.0,0.0
2003-09-24 00:00:00-04:00,36.720001220703125,37.27000045776367,36.540000915527344,37.189998626708984,257100,0.0,0.0
2003-09-25 00:00:00-04:00,37.25,37.25,36.65999984741211,36.720001220703125,209000,0.0,0.0
2003-09-26 00:00:00-04:00,36.720001220703125,36.900001525878906,35.7599983215332,36.33000183105469,312700,0.0,0.0
2003-09-29 00:00:00-04:00,36.33000183105469,36.61000061035156,36.150001525878906,36.45000076293945,147200,0.0,0.0
2003-09-30 00:00:00-04:00,36.45000076293945,36.91999816894531,35.849998474121094,35.95000076293945,341800,0.0,0.0
2003-10-01 00:00:00-04:00,35.900001525878906,36.58000183105469,35.849998474121094,36.349998474121094,133500,0.0,0.0
2003-10-02 00:00:00-04:00,36.45000076293945,36.470001220703125,36.0,36.099998474121094,131500,0.0,0.0
2003-10-03 00:00:00-04:00,36.29999923706055,36.79999923706055,36.25,36.52000045776367,160200,0.0,0.0
2003-10-06 00:00:00-04:00,36.619998931884766,36.70000076293945,36.11000061035156,36.599998474121094,203100,0.0,0.0
2003-10-07 00:00:00-04:00,36.70000076293945,37.4900016784668,36.630001068115234,37.41999816894531,139400,0.0,0.0
2003-10-08 00:00:00-04:00,37.349998474121094,37.56999969482422,37.349998474121094,37.45000076293945,130400,0.0,0.0
2003-10-09 00:00:00-04:00,37.599998474121094,37.70000076293945,36.79999923706055,36.93000030517578,110900,0.0,0.0
2003-10-10 00:00:00-04:00,36.93000030517578,37.959999084472656,36.91999816894531,37.65999984741211,172800,0.0,0.0
2003-10-13 00:00:00-04:00,37.7599983215332,37.900001525878906,37.599998474121094,37.61000061035156,225900,0.0,0.0
2003-10-14 00:00:00-04:00,37.54999923706055,38.33000183105469,37.54999923706055,38.209999084472656,93300,0.0,0.0
2003-10-15 00:00:00-04:00,38.45000076293945,38.68000030517578,38.400001525878906,38.54999923706055,97000,0.0,0.0
2003-10-16 00:00:00-04:00,38.29999923706055,38.79999923706055,38.099998474121094,38.560001373291016,111600,0.0,0.0
2003-10-17 00:00:00-04:00,38.5,38.5,37.349998474121094,37.52000045776367,73800,0.0,0.0
2003-10-20 00:00:00-04:00,37.41999816894531,38.43000030517578,37.400001525878906,38.150001525878906,125800,0.0,0.0
2003-10-21 00:00:00-04:00,38.0,38.04999923706055,36.75,37.150001525878906,131600,0.0,0.0
2003-10-22 00:00:00-04:00,37.150001525878906,37.15999984741211,36.560001373291016,36.880001068115234,94500,0.0,0.0
2003-10-23 00:00:00-04:00,36.75,36.75,35.650001525878906,36.060001373291016,133300,0.0,0.0
2003-10-24 00:00:00-04:00,36.0,36.5,35.91999816894531,36.380001068115234,79100,0.0,0.0
2003-10-27 00:00:00-05:00,36.47999954223633,37.0,36.47999954223633,36.75,44400,0.0,0.0
2003-10-28 00:00:00-05:00,37.04999923706055,38.540000915527344,37.0,38.0,188200,0.0,0.0
2003-10-29 00:00:00-05:00,38.04999923706055,38.54999923706055,38.04999923706055,38.11000061035156,86700,0.0,0.0
2003-10-30 00:00:00-05:00,38.130001068115234,38.20000076293945,37.650001525878906,37.66999816894531,62300,0.0,0.0
2003-10-31 00:00:00-05:00,38.0,38.900001525878906,37.900001525878906,38.34000015258789,336300,0.0,0.0
2003-11-03 00:00:00-05:00,38.36000061035156,39.290000915527344,38.36000061035156,38.58000183105469,105400,0.0,0.0
2003-11-04 00:00:00-05:00,38.900001525878906,39.40999984741211,38.599998474121094,39.13999938964844,83600,0.0,0.0
2003-11-05 00:00:00-05:00,39.04999923706055,39.25,38.779998779296875,38.849998474121094,78400,0.0,0.0
2003-11-06 00:00:00-05:00,38.86000061035156,39.68000030517578,38.84000015258789,39.5099983215332,91800,0.0,0.0
2003-11-07 00:00:00-05:00,39.45000076293945,40.66999816894531,39.45000076293945,40.5,127100,0.0,0.0
2003-11-10 00:00:00-05:00,40.2599983215332,40.279998779296875,39.900001525878906,40.20000076293945,198000,0.0,0.0
2003-11-11 00:00:00-05:00,40.0,40.20000076293945,39.900001525878906,40.11000061035156,241800,0.0,0.0
2003-11-12 00:00:00-05:00,40.11000061035156,40.45000076293945,40.02000045776367,40.349998474121094,111200,0.0,0.0
2003-11-13 00:00:00-05:00,40.349998474121094,41.060001373291016,40.29999923706055,40.970001220703125,178700,0.0,0.0
2003-11-14 00:00:00-05:00,40.79999923706055,41.150001525878906,39.95000076293945,39.95000076293945,79600,0.0,0.0
2003-11-17 00:00:00-05:00,39.880001068115234,39.91999816894531,39.29999923706055,39.689998626708984,67700,0.0,0.0
2003-11-18 00:00:00-05:00,39.790000915527344,40.02000045776367,39.470001220703125,39.529998779296875,55400,0.0,0.0
2003-11-19 00:00:00-05:00,39.630001068115234,39.86000061035156,39.36000061035156,39.5099983215332,100500,0.0,0.0
2003-11-20 00:00:00-05:00,39.52000045776367,39.849998474121094,39.349998474121094,39.47999954223633,55900,0.0,0.0
2003-11-21 00:00:00-05:00,39.29999923706055,39.54999923706055,39.04999923706055,39.20000076293945,99600,0.0,0.0
2003-11-24 00:00:00-05:00,39.349998474121094,39.95000076293945,39.029998779296875,39.95000076293945,168300,0.0,0.0
2003-11-25 00:00:00-05:00,39.79999923706055,40.61000061035156,39.52000045776367,39.79999923706055,120000,0.0,0.0
2003-11-26 00:00:00-05:00,39.79999923706055,40.06999969482422,39.09000015258789,39.84000015258789,166400,0.0,0.0
2003-11-28 00:00:00-05:00,39.84000015258789,39.84000015258789,39.16999816894531,39.220001220703125,64400,0.0,0.0
2003-12-01 00:00:00-05:00,39.220001220703125,39.720001220703125,39.220001220703125,39.650001525878906,147400,0.0,0.0
2003-12-02 00:00:00-05:00,39.5,39.720001220703125,39.47999954223633,39.4900016784668,72700,0.0,0.0
2003-12-03 00:00:00-05:00,39.400001525878906,39.90999984741211,39.33000183105469,39.52000045776367,96700,0.0,0.0
2003-12-04 00:00:00-05:00,39.400001525878906,39.900001525878906,39.189998626708984,39.45000076293945,145500,0.0,0.0
2003-12-05 00:00:00-05:00,39.29999923706055,39.61000061035156,39.20000076293945,39.40999984741211,63000,0.0,0.0
2003-12-08 00:00:00-05:00,39.349998474121094,39.79999923706055,39.18000030517578,39.560001373291016,69500,0.0,0.0
2003-12-09 00:00:00-05:00,39.459999084472656,40.0,39.29999923706055,39.310001373291016,145600,0.0,0.0
2003-12-10 00:00:00-05:00,39.29999923706055,40.060001373291016,39.0,39.0,166000,0.0,0.0
2003-12-11 00:00:00-05:00,38.95000076293945,40.36000061035156,38.95000076293945,39.779998779296875,125900,0.0,0.0
2003-12-12 00:00:00-05:00,39.779998779296875,39.90999984741211,39.41999816894531,39.470001220703125,165000,0.0,0.0
2003-12-15 00:00:00-05:00,39.66999816894531,40.70000076293945,39.65999984741211,40.599998474121094,251100,0.0,0.0
2003-12-16 00:00:00-05:00,40.5,40.54999923706055,39.900001525878906,40.0,122700,0.0,0.0
2003-12-17 00:00:00-05:00,40.0,40.06999969482422,39.650001525878906,40.0,130600,0.0,0.0
2003-12-18 00:00:00-05:00,39.900001525878906,40.88999938964844,39.900001525878906,40.529998779296875,192500,0.0,0.0
2003-12-19 00:00:00-05:00,40.66999816894531,42.47999954223633,40.599998474121094,42.43000030517578,240900,0.0,0.0
2003-12-22 00:00:00-05:00,42.47999954223633,42.849998474121094,42.0099983215332,42.72999954223633,193200,0.0,0.0
2003-12-23 00:00:00-05:00,42.599998474121094,42.599998474121094,41.95000076293945,42.380001068115234,150000,0.0,0.0
2003-12-24 00:00:00-05:00,42.150001525878906,42.29999923706055,42.04999923706055,42.150001525878906,24400,0.0,0.0
2003-12-26 00:00:00-05:00,42.25,42.400001525878906,41.970001220703125,42.11000061035156,42600,0.0,0.0
2003-12-29 00:00:00-05:00,42.18000030517578,42.65999984741211,42.18000030517578,42.34000015258789,109500,0.0,0.0
2003-12-30 00:00:00-05:00,42.400001525878906,42.810001373291016,42.29999923706055,42.29999923706055,113200,0.0,0.0
2003-12-31 00:00:00-05:00,42.45000076293945,42.54999923706055,42.04999923706055,42.209999084472656,62600,0.0,0.0
2004-01-02 00:00:00-05:00,42.08000183105469,42.380001068115234,41.970001220703125,42.04999923706055,151600,0.0,0.0
2004-01-05 00:00:00-05:00,42.029998779296875,43.189998626708984,42.029998779296875,42.650001525878906,150700,0.0,0.0
2004-01-06 00:00:00-05:00,42.65999984741211,43.369998931884766,42.5,43.150001525878906,193800,0.0,0.0
2004-01-07 00:00:00-05:00,43.0,43.27000045776367,42.849998474121094,43.27000045776367,146700,0.0,0.0
2004-01-08 00:00:00-05:00,43.27000045776367,44.849998474121094,43.27000045776367,44.83000183105469,321300,0.0,0.0
2004-01-09 00:00:00-05:00,44.630001068115234,45.689998626708984,44.0,45.060001373291016,215500,0.0,0.0
2004-01-12 00:00:00-05:00,45.15999984741211,45.15999984741211,43.400001525878906,44.349998474121094,245100,0.0,0.0
2004-01-13 00:00:00-05:00,44.20000076293945,44.29999923706055,43.5,43.849998474121094,151700,0.0,0.0
2004-01-14 00:00:00-05:00,44.5,44.88999938964844,43.81999969482422,44.099998474121094,328800,0.0,0.0
2004-01-15 00:00:00-05:00,44.099998474121094,44.5,43.56999969482422,44.29999923706055,207700,0.0,0.0
2004-01-16 00:00:00-05:00,44.5,45.459999084472656,44.45000076293945,45.27000045776367,214400,0.0,0.0
2004-01-20 00:00:00-05:00,44.70000076293945,45.220001220703125,44.70000076293945,44.9900016784668,186500,0.0,0.0
2004-01-21 00:00:00-05:00,45.099998474121094,45.25,44.529998779296875,45.0,168200,0.0,0.0
2004-01-22 00:00:00-05:00,45.0,45.0,44.66999816894531,45.0,175100,0.0,0.0
2004-01-23 00:00:00-05:00,44.849998474121094,45.25,44.75,45.08000183105469,218400,0.0,0.0
2004-01-26 00:00:00-05:00,45.06999969482422,45.349998474121094,44.86000061035156,45.2599983215332,194200,0.0,0.0
2004-01-27 00:00:00-05:00,45.150001525878906,45.95000076293945,45.04999923706055,45.52000045776367,224800,0.0,0.0
2004-01-28 00:00:00-05:00,45.400001525878906,45.95000076293945,45.400001525878906,45.709999084472656,357200,0.0,0.0
2004-01-29 00:00:00-05:00,45.599998474121094,45.650001525878906,45.36000061035156,45.52000045776367,224200,0.0,0.0
2004-01-30 00:00:00-05:00,45.650001525878906,45.970001220703125,45.4900016784668,45.79999923706055,201300,0.0,0.0
2004-02-02 00:00:00-05:00,45.95000076293945,46.099998474121094,45.75,45.86000061035156,216400,0.0,0.0
2004-02-03 00:00:00-05:00,45.7400016784668,46.630001068115234,45.650001525878906,46.459999084472656,253200,0.0,0.0
2004-02-04 00:00:00-05:00,46.349998474121094,46.349998474121094,45.380001068115234,45.5,127900,0.0,0.0
2004-02-05 00:00:00-05:00,45.650001525878906,45.79999923706055,45.349998474121094,45.47999954223633,137100,0.0,0.0
2004-02-06 00:00:00-05:00,45.25,45.25,43.709999084472656,43.79999923706055,1226800,0.0,0.0
2004-02-09 00:00:00-05:00,43.970001220703125,44.02000045776367,42.939998626708984,43.08000183105469,744600,0.0,0.0
2004-02-10 00:00:00-05:00,42.900001525878906,43.349998474121094,42.540000915527344,43.349998474121094,591200,0.0,0.0
2004-02-11 00:00:00-05:00,43.34000015258789,44.0,43.099998474121094,43.75,374200,0.0,0.0
2004-02-12 00:00:00-05:00,43.900001525878906,44.310001373291016,43.70000076293945,43.880001068115234,289100,0.0,0.0
2004-02-13 00:00:00-05:00,43.91999816894531,44.040000915527344,43.75,43.79999923706055,200800,0.0,0.0
2004-02-17 00:00:00-05:00,43.95000076293945,44.099998474121094,43.70000076293945,43.79999923706055,120000,0.0,0.0
2004-02-18 00:00:00-05:00,43.650001525878906,43.650001525878906,43.029998779296875,43.45000076293945,421100,0.0,0.0
2004-02-19 00:00:00-05:00,43.650001525878906,43.9900016784668,43.189998626708984,43.20000076293945,142900,0.0,0.0
2004-02-20 00:00:00-05:00,43.04999923706055,43.13999938964844,42.45000076293945,42.560001373291016,219900,0.0,0.0
2004-02-23 00:00:00-05:00,42.45000076293945,42.560001373291016,42.119998931884766,42.22999954223633,202200,0.0,0.0
2004-02-24 00:00:00-05:00,42.099998474121094,43.20000076293945,41.900001525878906,42.93000030517578,308500,0.0,0.0
2004-02-25 00:00:00-05:00,42.849998474121094,42.88999938964844,42.27000045776367,42.400001525878906,517600,0.0,0.0
2004-02-26 00:00:00-05:00,42.40999984741211,42.7400016784668,42.25,42.599998474121094,370500,0.0,0.0
2004-02-27 00:00:00-05:00,42.70000076293945,44.0,42.70000076293945,44.0,473000,0.0,0.0
2004-03-01 00:00:00-05:00,44.099998474121094,44.099998474121094,43.900001525878906,44.04999923706055,177000,0.0,0.0
2004-03-02 00:00:00-05:00,44.0,44.290000915527344,43.900001525878906,44.04999923706055,122400,0.0,0.0
2004-03-03 00:00:00-05:00,43.86000061035156,43.86000061035156,43.560001373291016,43.59000015258789,176000,0.0,0.0
2004-03-04 00:00:00-05:00,43.5,43.68000030517578,42.86000061035156,43.31999969482422,246800,0.0,0.0
2004-03-05 00:00:00-05:00,43.20000076293945,43.5,43.119998931884766,43.40999984741211,192500,0.0,0.0
2004-03-08 00:00:00-05:00,43.54999923706055,43.54999923706055,42.75,42.75,202900,0.0,0.0
2004-03-09 00:00:00-05:00,42.54999923706055,42.59000015258789,39.810001373291016,40.66999816894531,790300,0.0,0.0
2004-03-10 00:00:00-05:00,40.900001525878906,41.79999923706055,40.900001525878906,41.38999938964844,655600,0.0,0.0
2004-03-11 00:00:00-05:00,41.29999923706055,42.20000076293945,41.130001068115234,41.29999923706055,306300,0.0,0.0
2004-03-12 00:00:00-05:00,41.79999923706055,42.369998931884766,41.72999954223633,42.02000045776367,252600,0.0,0.0
2004-03-15 00:00:00-05:00,42.02000045776367,42.02000045776367,41.54999923706055,41.54999923706055,274700,0.0,0.0
2004-03-16 00:00:00-05:00,41.5,42.150001525878906,41.34000015258789,41.599998474121094,224900,0.0,0.0
2004-03-17 00:00:00-05:00,41.630001068115234,42.63999938964844,41.630001068115234,42.29999923706055,410000,0.0,0.0
2004-03-18 00:00:00-05:00,42.310001373291016,42.650001525878906,42.290000915527344,42.5,178900,0.0,0.0
2004-03-19 00:00:00-05:00,42.5099983215332,42.86000061035156,42.290000915527344,42.790000915527344,139000,0.0,0.0
2004-03-22 00:00:00-05:00,42.650001525878906,42.650001525878906,41.75,41.75,360600,0.0,0.0
2004-03-23 00:00:00-05:00,42.08000183105469,42.15999984741211,41.790000915527344,42.0,364100,0.0,0.0
2004-03-24 00:00:00-05:00,41.97999954223633,42.34000015258789,41.97999954223633,42.0,245700,0.0,0.0
2004-03-25 00:00:00-05:00,42.0099983215332,42.900001525878906,41.95000076293945,42.7599983215332,160500,0.0,0.0
2004-03-26 00:00:00-05:00,43.0,43.209999084472656,42.7599983215332,43.04999923706055,72200,0.0,0.0
2004-03-29 00:00:00-05:00,43.45000076293945,43.900001525878906,43.43000030517578,43.68000030517578,180100,0.0,0.0
2004-03-30 00:00:00-05:00,43.880001068115234,44.119998931884766,43.720001220703125,44.0,176000,0.0,0.0
2004-03-31 00:00:00-05:00,44.099998474121094,44.630001068115234,43.900001525878906,44.400001525878906,152500,0.0,0.0
2004-04-01 00:00:00-05:00,44.29999923706055,45.290000915527344,44.29999923706055,44.43000030517578,227900,0.0,0.0
2004-04-02 00:00:00-05:00,44.66999816894531,45.34000015258789,44.630001068115234,44.79999923706055,134400,0.0,0.0
2004-04-05 00:00:00-04:00,44.79999923706055,45.11000061035156,44.4900016784668,44.79999923706055,257500,0.0,0.0
2004-04-06 00:00:00-04:00,44.95000076293945,45.279998779296875,44.880001068115234,44.93000030517578,76700,0.0,0.0
2004-04-07 00:00:00-04:00,44.849998474121094,45.20000076293945,44.599998474121094,44.93000030517578,85900,0.0,0.0
2004-04-08 00:00:00-04:00,45.099998474121094,45.560001373291016,44.86000061035156,44.97999954223633,153000,0.0,0.0
2004-04-12 00:00:00-04:00,44.83000183105469,45.02000045776367,44.83000183105469,44.9900016784668,100600,0.0,0.0
2004-04-13 00:00:00-04:00,44.880001068115234,44.95000076293945,44.31999969482422,44.349998474121094,127900,0.0,0.0
2004-04-14 00:00:00-04:00,44.369998931884766,44.540000915527344,44.150001525878906,44.2599983215332,196000,0.0,0.0
2004-04-15 00:00:00-04:00,44.02000045776367,44.29999923706055,43.380001068115234,43.70000076293945,173600,0.0,0.0
2004-04-16 00:00:00-04:00,43.939998626708984,44.56999969482422,43.90999984741211,44.189998626708984,158900,0.0,0.0
2004-04-19 00:00:00-04:00,44.0,44.5099983215332,43.959999084472656,44.43000030517578,110700,0.0,0.0
2004-04-20 00:00:00-04:00,44.599998474121094,44.7400016784668,43.84000015258789,43.95000076293945,119400,0.0,0.0
2004-04-21 00:00:00-04:00,43.709999084472656,45.06999969482422,43.709999084472656,44.900001525878906,177200,0.0,0.0
2004-04-22 00:00:00-04:00,44.349998474121094,46.18000030517578,44.25,45.720001220703125,173100,0.0,0.0
2004-04-23 00:00:00-04:00,45.599998474121094,45.9900016784668,45.54999923706055,45.90999984741211,126400,0.0,0.0
2004-04-26 00:00:00-04:00,45.70000076293945,45.90999984741211,45.36000061035156,45.45000076293945,127600,0.0,0.0
2004-04-27 00:00:00-04:00,45.54999923706055,45.66999816894531,44.91999816894531,45.0099983215332,95100,0.0,0.0
2004-04-28 00:00:00-04:00,44.900001525878906,44.900001525878906,44.34000015258789,44.34000015258789,141400,0.0,0.0
2004-04-29 00:00:00-04:00,44.20000076293945,45.099998474121094,43.810001373291016,44.5,148400,0.0,0.0
2004-04-30 00:00:00-04:00,45.099998474121094,45.70000076293945,44.70000076293945,44.81999969482422,341500,0.0,0.0
2004-05-03 00:00:00-04:00,44.83000183105469,45.439998626708984,44.40999984741211,44.959999084472656,323300,0.0,0.0
2004-05-04 00:00:00-04:00,44.5,45.25,44.400001525878906,44.95000076293945,281600,0.0,0.0
2004-05-05 00:00:00-04:00,45.04999923706055,45.689998626708984,44.83000183105469,44.93000030517578,172400,0.0,0.0
2004-05-06 00:00:00-04:00,44.70000076293945,44.779998779296875,44.439998626708984,44.56999969482422,154000,0.0,0.0
2004-05-07 00:00:00-04:00,44.529998779296875,45.0099983215332,44.5,44.5,115400,0.0,0.0
2004-05-10 00:00:00-04:00,44.54999923706055,44.650001525878906,43.650001525878906,44.18000030517578,144300,0.0,0.0
2004-05-11 00:00:00-04:00,43.95000076293945,45.02000045776367,43.900001525878906,44.79999923706055,110300,0.0,0.0
2004-05-12 00:00:00-04:00,44.900001525878906,45.04999923706055,44.20000076293945,45.04999923706055,306100,0.0,0.0
2004-05-13 00:00:00-04:00,44.900001525878906,45.45000076293945,44.869998931884766,45.25,156000,0.0,0.0
2004-05-14 00:00:00-04:00,45.220001220703125,45.369998931884766,44.79999923706055,45.0,181900,0.0,0.0
2004-05-17 00:00:00-04:00,45.0099983215332,45.0099983215332,44.599998474121094,44.650001525878906,310100,0.0,0.0
2004-05-18 00:00:00-04:00,44.54999923706055,44.93000030517578,44.5,44.599998474121094,96300,0.0,0.0
2004-05-19 00:00:00-04:00,44.599998474121094,45.5,44.599998474121094,44.79999923706055,124600,0.0,0.0
2004-05-20 00:00:00-04:00,44.900001525878906,44.9900016784668,44.619998931884766,44.70000076293945,63600,0.0,0.0
2004-05-21 00:00:00-04:00,44.75,44.95000076293945,44.70000076293945,44.900001525878906,123500,0.0,0.0
2004-05-24 00:00:00-04:00,44.91999816894531,45.630001068115234,44.849998474121094,45.380001068115234,202000,0.0,0.0
2004-05-25 00:00:00-04:00,45.29999923706055,45.61000061035156,45.209999084472656,45.45000076293945,290400,0.0,0.0
2004-05-26 00:00:00-04:00,45.29999923706055,45.5,45.279998779296875,45.380001068115234,269200,0.0,0.0
2004-05-27 00:00:00-04:00,45.779998779296875,45.880001068115234,45.58000183105469,45.79999923706055,237200,0.0,0.0
2004-05-28 00:00:00-04:00,45.599998474121094,46.439998626708984,45.599998474121094,46.380001068115234,174400,0.0,0.0
2004-06-01 00:00:00-04:00,46.08000183105469,46.900001525878906,46.08000183105469,46.459999084472656,173400,0.0,0.0
2004-06-02 00:00:00-04:00,46.36000061035156,46.7599983215332,46.25,46.52000045776367,72800,0.0,0.0
2004-06-03 00:00:00-04:00,45.900001525878906,46.310001373291016,45.900001525878906,46.02000045776367,191700,0.0,0.0
2004-06-04 00:00:00-04:00,46.20000076293945,48.0,46.20000076293945,47.310001373291016,367400,0.0,0.0
2004-06-07 00:00:00-04:00,47.29999923706055,48.599998474121094,47.29999923706055,48.220001220703125,296500,0.0,0.0
2004-06-08 00:00:00-04:00,48.0,48.22999954223633,48.0,48.11000061035156,282600,0.0,0.0
2004-06-09 00:00:00-04:00,48.029998779296875,48.279998779296875,47.97999954223633,48.09000015258789,196800,0.0,0.0
2004-06-10 00:00:00-04:00,47.9900016784668,48.31999969482422,47.9900016784668,48.11000061035156,109300,0.0,0.0
2004-06-14 00:00:00-04:00,47.650001525878906,48.4900016784668,47.650001525878906,48.16999816894531,246100,0.0,0.0
2004-06-15 00:00:00-04:00,48.16999816894531,48.95000076293945,48.15999984741211,48.63999938964844,198700,0.0,0.0
2004-06-16 00:00:00-04:00,48.7400016784668,49.15999984741211,48.689998626708984,49.099998474121094,138000,0.0,0.0
2004-06-17 00:00:00-04:00,48.95000076293945,49.310001373291016,48.70000076293945,48.95000076293945,209700,0.0,0.0
2004-06-18 00:00:00-04:00,48.95000076293945,49.619998931884766,48.95000076293945,49.29999923706055,192200,0.0,0.0
2004-06-21 00:00:00-04:00,49.150001525878906,49.5,49.040000915527344,49.09000015258789,177800,0.0,0.0
2004-06-22 00:00:00-04:00,49.0,49.2599983215332,49.0,49.150001525878906,160300,0.0,0.0
2004-06-23 00:00:00-04:00,49.150001525878906,49.59000015258789,49.150001525878906,49.58000183105469,119000,0.0,0.0
2004-06-24 00:00:00-04:00,49.33000183105469,50.31999969482422,49.33000183105469,49.58000183105469,217600,0.0,0.0
2004-06-25 00:00:00-04:00,49.599998474121094,50.310001373291016,49.08000183105469,49.08000183105469,489100,0.0,0.0
2004-06-28 00:00:00-04:00,49.29999923706055,50.0,48.72999954223633,48.83000183105469,248800,0.0,0.0
2004-06-29 00:00:00-04:00,48.90999984741211,49.47999954223633,48.90999984741211,49.31999969482422,174400,0.0,0.0
2004-06-30 00:00:00-04:00,49.45000076293945,49.54999923706055,48.91999816894531,49.13999938964844,274000,0.0,0.0
2004-07-01 00:00:00-04:00,49.20000076293945,49.380001068115234,48.790000915527344,49.150001525878906,179800,0.0,0.0
2004-07-02 00:00:00-04:00,49.0,49.0099983215332,48.33000183105469,48.36000061035156,110200,0.0,0.0
2004-07-06 00:00:00-04:00,47.380001068115234,47.540000915527344,46.52000045776367,46.83000183105469,336200,0.0,0.0
2004-07-07 00:00:00-04:00,46.79999923706055,47.599998474121094,46.79999923706055,47.0,186900,0.0,0.0
2004-07-08 00:00:00-04:00,47.040000915527344,47.38999938964844,46.95000076293945,47.02000045776367,129200,0.0,0.0
2004-07-09 00:00:00-04:00,47.02000045776367,47.29999923706055,46.970001220703125,47.099998474121094,66100,0.0,0.0
2004-07-12 00:00:00-04:00,47.0,47.099998474121094,46.20000076293945,46.68000030517578,66200,0.0,0.0
2004-07-13 00:00:00-04:00,46.68000030517578,46.970001220703125,46.630001068115234,46.70000076293945,69100,0.0,0.0
2004-07-14 00:00:00-04:00,46.54999923706055,47.15999984741211,46.279998779296875,46.29999923706055,87400,0.0,0.0
2004-07-15 00:00:00-04:00,46.25,46.400001525878906,46.02000045776367,46.02000045776367,74900,0.0,0.0
2004-07-16 00:00:00-04:00,46.119998931884766,46.16999816894531,45.5099983215332,45.70000076293945,100000,0.0,0.0
2004-07-19 00:00:00-04:00,45.650001525878906,45.720001220703125,45.29999923706055,45.470001220703125,98000,0.0,0.0
2004-07-20 00:00:00-04:00,45.54999923706055,45.650001525878906,45.43000030517578,45.599998474121094,79200,0.0,0.0
2004-07-21 00:00:00-04:00,45.70000076293945,46.09000015258789,44.81999969482422,44.900001525878906,116800,0.0,0.0
2004-07-22 00:00:00-04:00,44.650001525878906,45.61000061035156,44.650001525878906,45.29999923706055,169400,0.0,0.0
2004-07-23 00:00:00-04:00,42.040000915527344,43.099998474121094,38.0,41.0,2227200,0.0,0.0
2004-07-26 00:00:00-04:00,40.900001525878906,41.310001373291016,40.599998474121094,40.709999084472656,693600,0.0,0.0
2004-07-27 00:00:00-04:00,40.650001525878906,40.65999984741211,39.7599983215332,40.5,470200,0.0,0.0
2004-07-28 00:00:00-04:00,40.400001525878906,41.36000061035156,40.18000030517578,41.279998779296875,298300,0.0,0.0
2004-07-29 00:00:00-04:00,41.349998474121094,41.9900016784668,40.939998626708984,41.869998931884766,155800,0.0,0.0
2004-07-30 00:00:00-04:00,41.75,41.81999969482422,41.470001220703125,41.70000076293945,304100,0.0,0.0
2004-08-02 00:00:00-04:00,41.689998626708984,42.40999984741211,41.540000915527344,42.27000045776367,308600,0.0,0.0
2004-08-03 00:00:00-04:00,42.45000076293945,42.470001220703125,42.0,42.45000076293945,276300,0.0,0.0
2004-08-04 00:00:00-04:00,42.400001525878906,42.40999984741211,41.900001525878906,42.18000030517578,256200,0.0,0.0
2004-08-05 00:00:00-04:00,42.380001068115234,42.63999938964844,42.22999954223633,42.349998474121094,424900,0.0,0.0
2004-08-06 00:00:00-04:00,42.349998474121094,42.349998474121094,41.25,41.2599983215332,588700,0.0,0.0
2004-08-09 00:00:00-04:00,41.2599983215332,41.290000915527344,40.86000061035156,41.25,293000,0.0,0.0
2004-08-10 00:00:00-04:00,42.25,44.599998474121094,42.25,43.70000076293945,683100,0.0,0.0
2004-08-11 00:00:00-04:00,43.779998779296875,44.09000015258789,42.5,43.150001525878906,374900,0.0,0.0
2004-08-12 00:00:00-04:00,43.209999084472656,43.38999938964844,41.900001525878906,41.91999816894531,389800,0.0,0.0
2004-08-13 00:00:00-04:00,41.849998474121094,43.310001373291016,41.79999923706055,43.099998474121094,382700,0.0,0.0
2004-08-16 00:00:00-04:00,43.099998474121094,43.9900016784668,43.099998474121094,43.77000045776367,227300,0.0,0.0
2004-08-17 00:00:00-04:00,43.869998931884766,44.709999084472656,43.86000061035156,44.40999984741211,226500,0.0,0.0
2004-08-18 00:00:00-04:00,44.41999816894531,45.2400016784668,44.380001068115234,45.20000076293945,103000,0.0,0.0
2004-08-19 00:00:00-04:00,45.20000076293945,45.47999954223633,44.81999969482422,45.02000045776367,282600,0.0,0.0
2004-08-20 00:00:00-04:00,45.099998474121094,45.959999084472656,44.869998931884766,45.79999923706055,246300,0.0,0.0
2004-08-23 00:00:00-04:00,45.79999923706055,46.11000061035156,45.45000076293945,45.59000015258789,210100,0.0,0.0
2004-08-24 00:00:00-04:00,45.70000076293945,45.9900016784668,45.20000076293945,45.619998931884766,249200,0.0,0.0
2004-08-25 00:00:00-04:00,45.70000076293945,45.75,45.4900016784668,45.65999984741211,145200,0.0,0.0
2004-08-26 00:00:00-04:00,46.060001373291016,46.060001373291016,45.220001220703125,45.58000183105469,182500,0.0,0.0
2004-08-27 00:00:00-04:00,45.939998626708984,46.2400016784668,45.66999816894531,46.04999923706055,154700,0.0,0.0
2004-08-30 00:00:00-04:00,45.849998474121094,46.20000076293945,45.08000183105469,45.529998779296875,129900,0.0,0.0
2004-08-31 00:00:00-04:00,45.400001525878906,46.040000915527344,44.95000076293945,46.040000915527344,208800,0.0,0.0
2004-09-01 00:00:00-04:00,46.040000915527344,46.9900016784668,46.040000915527344,46.720001220703125,219800,0.0,0.0
2004-09-02 00:00:00-04:00,46.5,47.09000015258789,46.400001525878906,47.02000045776367,129600,0.0,0.0
2004-09-03 00:00:00-04:00,47.099998474121094,47.209999084472656,46.2599983215332,46.380001068115234,201000,0.0,0.0
2004-09-07 00:00:00-04:00,46.5,47.0,46.5,46.869998931884766,177200,0.0,0.0
2004-09-08 00:00:00-04:00,46.95000076293945,47.400001525878906,46.220001220703125,46.2400016784668,199700,0.0,0.0
2004-09-09 00:00:00-04:00,46.29999923706055,46.90999984741211,46.119998931884766,46.880001068115234,196400,0.0,0.0
2004-09-10 00:00:00-04:00,46.83000183105469,46.9900016784668,46.630001068115234,46.77000045776367,181200,0.0,0.0
2004-09-13 00:00:00-04:00,46.81999969482422,47.75,46.81999969482422,47.68000030517578,145000,0.0,0.0
2004-09-14 00:00:00-04:00,47.599998474121094,47.7400016784668,47.31999969482422,47.63999938964844,114500,0.0,0.0
2004-09-15 00:00:00-04:00,47.63999938964844,47.779998779296875,47.29999923706055,47.72999954223633,92900,0.0,0.0
2004-09-16 00:00:00-04:00,47.79999923706055,48.2400016784668,47.720001220703125,47.869998931884766,109800,0.0,0.0
2004-09-17 00:00:00-04:00,47.9900016784668,48.13999938964844,47.880001068115234,47.88999938964844,137100,0.0,0.0
2004-09-20 00:00:00-04:00,47.88999938964844,48.0,47.63999938964844,47.63999938964844,171100,0.0,0.0
2004-09-21 00:00:00-04:00,47.599998474121094,47.869998931884766,47.45000076293945,47.650001525878906,183800,0.0,0.0
2004-09-22 00:00:00-04:00,47.65999984741211,47.70000076293945,47.0099983215332,47.06999969482422,187400,0.0,0.0
2004-09-23 00:00:00-04:00,47.0,47.2599983215332,46.91999816894531,46.97999954223633,131000,0.0,0.0
2004-09-24 00:00:00-04:00,46.93000030517578,47.189998626708984,46.54999923706055,46.599998474121094,123400,0.0,0.0
2004-09-27 00:00:00-04:00,46.54999923706055,46.63999938964844,46.119998931884766,46.349998474121094,88500,0.0,0.0
2004-09-28 00:00:00-04:00,46.29999923706055,46.31999969482422,45.86000061035156,46.15999984741211,190400,0.0,0.0
2004-09-29 00:00:00-04:00,46.02000045776367,47.439998626708984,45.97999954223633,47.02000045776367,124900,0.0,0.0
2004-09-30 00:00:00-04:00,46.95000076293945,47.79999923706055,46.95000076293945,47.220001220703125,120600,0.0,0.0
2004-10-01 00:00:00-04:00,47.290000915527344,48.31999969482422,47.290000915527344,48.08000183105469,144300,0.0,0.0
2004-10-04 00:00:00-04:00,48.25,48.75,47.70000076293945,47.70000076293945,165400,0.0,0.0
2004-10-05 00:00:00-04:00,47.599998474121094,47.95000076293945,47.45000076293945,47.52000045776367,129900,0.0,0.0
2004-10-06 00:00:00-04:00,47.349998474121094,48.20000076293945,47.060001373291016,48.0099983215332,94600,0.0,0.0
2004-10-07 00:00:00-04:00,48.099998474121094,48.20000076293945,47.5,47.540000915527344,84500,0.0,0.0
2004-10-08 00:00:00-04:00,47.45000076293945,47.459999084472656,47.11000061035156,47.18000030517578,63700,0.0,0.0
2004-10-11 00:00:00-04:00,47.25,47.29999923706055,46.81999969482422,47.06999969482422,153600,0.0,0.0
2004-10-12 00:00:00-04:00,47.060001373291016,47.38999938964844,46.66999816894531,46.93000030517578,115500,0.0,0.0
2004-10-13 00:00:00-04:00,46.93000030517578,47.599998474121094,46.900001525878906,47.08000183105469,97700,0.0,0.0
2004-10-14 00:00:00-04:00,47.099998474121094,47.099998474121094,46.650001525878906,46.75,102500,0.0,0.0
2004-10-15 00:00:00-04:00,46.75,47.060001373291016,46.65999984741211,46.79999923706055,217900,0.0,0.0
2004-10-18 00:00:00-04:00,46.790000915527344,47.349998474121094,46.650001525878906,47.0,73500,0.0,0.0
2004-10-19 00:00:00-04:00,47.099998474121094,47.849998474121094,46.75,46.75,57100,0.0,0.0
2004-10-20 00:00:00-04:00,46.7599983215332,47.310001373291016,46.400001525878906,47.22999954223633,76700,0.0,0.0
2004-10-21 00:00:00-04:00,47.150001525878906,47.150001525878906,46.83000183105469,46.93000030517578,91100,0.0,0.0
2004-10-22 00:00:00-04:00,46.97999954223633,47.0,46.459999084472656,46.5099983215332,75900,0.0,0.0
2004-10-25 00:00:00-04:00,46.560001373291016,47.16999816894531,46.54999923706055,46.630001068115234,115500,0.0,0.0
2004-10-26 00:00:00-04:00,46.68000030517578,46.93000030517578,46.38999938964844,46.91999816894531,115500,0.0,0.0
2004-10-27 00:00:00-04:00,46.869998931884766,47.75,46.869998931884766,47.599998474121094,205600,0.0,0.0
2004-10-28 00:00:00-04:00,47.599998474121094,47.970001220703125,47.380001068115234,47.95000076293945,137400,0.0,0.0
2004-10-29 00:00:00-04:00,47.5,47.95000076293945,47.5,47.900001525878906,121300,0.0,0.0
2004-11-01 00:00:00-05:00,47.79999923706055,48.36000061035156,47.599998474121094,47.849998474121094,165500,0.0,0.0
2004-11-02 00:00:00-05:00,47.81999969482422,49.150001525878906,47.79999923706055,48.0099983215332,220700,0.0,0.0
2004-11-03 00:00:00-05:00,48.20000076293945,48.79999923706055,47.90999984741211,48.099998474121094,162900,0.0,0.0
2004-11-04 00:00:00-05:00,48.0,48.650001525878906,47.650001525878906,48.369998931884766,193600,0.0,0.0
2004-11-05 00:00:00-05:00,48.900001525878906,50.689998626708984,48.720001220703125,49.0,823800,0.0,0.0
2004-11-08 00:00:00-05:00,48.95000076293945,49.4900016784668,48.900001525878906,49.20000076293945,361800,0.0,0.0
2004-11-09 00:00:00-05:00,48.75,49.060001373291016,48.72999954223633,48.959999084472656,313500,0.0,0.0
2004-11-10 00:00:00-05:00,49.0,49.849998474121094,49.0,49.34000015258789,210700,0.0,0.0
2004-11-11 00:00:00-05:00,49.189998626708984,50.16999816894531,49.189998626708984,49.900001525878906,126700,0.0,0.0
2004-11-12 00:00:00-05:00,49.79999923706055,50.310001373291016,49.779998779296875,49.95000076293945,149600,0.0,0.0
2004-11-15 00:00:00-05:00,49.75,50.2599983215332,49.599998474121094,50.0,153300,0.0,0.0
2004-11-16 00:00:00-05:00,49.61000061035156,50.08000183105469,49.61000061035156,49.959999084472656,105800,0.0,0.0
2004-11-17 00:00:00-05:00,49.650001525878906,50.720001220703125,49.650001525878906,50.16999816894531,151900,0.0,0.0
2004-11-18 00:00:00-05:00,50.150001525878906,50.599998474121094,50.0,50.599998474121094,152600,0.0,0.0
2004-11-19 00:00:00-05:00,50.45000076293945,50.540000915527344,49.939998626708984,49.97999954223633,114800,0.0,0.0
2004-11-22 00:00:00-05:00,49.779998779296875,50.650001525878906,49.7400016784668,50.599998474121094,127700,0.0,0.0
2004-11-23 00:00:00-05:00,50.61000061035156,51.09000015258789,50.5,51.0,264600,0.0,0.0
2004-11-24 00:00:00-05:00,50.900001525878906,51.25,50.77000045776367,50.959999084472656,85700,0.0,0.0
2004-11-26 00:00:00-05:00,50.91999816894531,51.27000045776367,50.91999816894531,50.97999954223633,56700,0.0,0.0
2004-11-29 00:00:00-05:00,50.97999954223633,51.709999084472656,50.880001068115234,51.459999084472656,195500,0.0,0.0
2004-11-30 00:00:00-05:00,51.599998474121094,51.7599983215332,51.27000045776367,51.599998474121094,327000,0.0,0.0
2004-12-01 00:00:00-05:00,51.540000915527344,52.29999923706055,51.540000915527344,51.70000076293945,236600,0.0,0.0
2004-12-02 00:00:00-05:00,51.709999084472656,51.810001373291016,51.400001525878906,51.47999954223633,171000,0.0,0.0
2004-12-03 00:00:00-05:00,51.310001373291016,51.79999923706055,51.29999923706055,51.5,201000,0.0,0.0
2004-12-06 00:00:00-05:00,51.150001525878906,51.88999938964844,50.75,51.66999816894531,224900,0.0,0.0
2004-12-07 00:00:00-05:00,51.77000045776367,52.099998474121094,50.77000045776367,50.779998779296875,189200,0.0,0.0
2004-12-08 00:00:00-05:00,50.70000076293945,51.13999938964844,50.310001373291016,50.5,186700,0.0,0.0
2004-12-09 00:00:00-05:00,50.099998474121094,50.27000045776367,49.439998626708984,49.810001373291016,215400,0.0,0.0
2004-12-10 00:00:00-05:00,49.709999084472656,50.16999816894531,49.599998474121094,49.95000076293945,100600,0.0,0.0
2004-12-13 00:00:00-05:00,49.849998474121094,50.86000061035156,49.849998474121094,50.77000045776367,147400,0.0,0.0
2004-12-14 00:00:00-05:00,50.70000076293945,51.5,50.63999938964844,51.470001220703125,118800,0.0,0.0
2004-12-15 00:00:00-05:00,51.400001525878906,51.95000076293945,51.36000061035156,51.93000030517578,246300,0.0,0.0
2004-12-16 00:00:00-05:00,51.849998474121094,52.0099983215332,51.59000015258789,51.970001220703125,191500,0.0,0.0
2004-12-17 00:00:00-05:00,51.599998474121094,51.959999084472656,51.599998474121094,51.79999923706055,138300,0.0,0.0
2004-12-20 00:00:00-05:00,51.79999923706055,51.849998474121094,51.279998779296875,51.529998779296875,178900,0.0,0.0
2004-12-21 00:00:00-05:00,51.5,51.689998626708984,51.279998779296875,51.45000076293945,156400,0.0,0.0
2004-12-22 00:00:00-05:00,51.5,51.880001068115234,51.290000915527344,51.70000076293945,209100,0.0,0.0
2004-12-23 00:00:00-05:00,51.70000076293945,52.13999938964844,51.5,51.779998779296875,159300,0.0,0.0
2004-12-27 00:00:00-05:00,51.779998779296875,51.779998779296875,51.150001525878906,51.290000915527344,66000,0.0,0.0
2004-12-28 00:00:00-05:00,51.290000915527344,51.599998474121094,51.290000915527344,51.47999954223633,141100,0.0,0.0
2004-12-29 00:00:00-05:00,51.47999954223633,51.5,51.150001525878906,51.400001525878906,154100,0.0,0.0
2004-12-30 00:00:00-05:00,51.400001525878906,51.70000076293945,51.400001525878906,51.52000045776367,83300,0.0,0.0
2004-12-31 00:00:00-05:00,51.45000076293945,51.65999984741211,51.310001373291016,51.310001373291016,45500,0.0,0.0
2005-01-03 00:00:00-05:00,51.29999923706055,51.66999816894531,50.970001220703125,51.06999969482422,147700,0.0,0.0
2005-01-04 00:00:00-05:00,51.0,51.20000076293945,50.150001525878906,50.36000061035156,136100,0.0,0.0
2005-01-05 00:00:00-05:00,50.38999938964844,50.900001525878906,50.20000076293945,50.369998931884766,121700,0.0,0.0
2005-01-06 00:00:00-05:00,50.41999816894531,50.61000061035156,50.150001525878906,50.20000076293945,124700,0.0,0.0
2005-01-07 00:00:00-05:00,50.189998626708984,50.54999923706055,50.09000015258789,50.150001525878906,99600,0.0,0.0
2005-01-10 00:00:00-05:00,50.04999923706055,50.16999816894531,49.72999954223633,49.849998474121094,114400,0.0,0.0
2005-01-11 00:00:00-05:00,49.900001525878906,49.95000076293945,49.650001525878906,49.70000076293945,189900,0.0,0.0
2005-01-12 00:00:00-05:00,49.70000076293945,49.84000015258789,49.36000061035156,49.84000015258789,163700,0.0,0.0
2005-01-13 00:00:00-05:00,49.790000915527344,49.900001525878906,49.310001373291016,49.5,169600,0.0,0.0
2005-01-14 00:00:00-05:00,49.52000045776367,50.119998931884766,49.52000045776367,49.79999923706055,218800,0.0,0.0
2005-01-18 00:00:00-05:00,49.79999923706055,50.02000045776367,49.7400016784668,49.95000076293945,140700,0.0,0.0
2005-01-19 00:00:00-05:00,49.95000076293945,49.95000076293945,49.54999923706055,49.58000183105469,83100,0.0,0.0
2005-01-20 00:00:00-05:00,49.58000183105469,49.81999969482422,49.470001220703125,49.70000076293945,113800,0.0,0.0
2005-01-21 00:00:00-05:00,49.65999984741211,49.900001525878906,49.36000061035156,49.47999954223633,204600,0.0,0.0
2005-01-24 00:00:00-05:00,49.599998474121094,49.75,49.45000076293945,49.5,135800,0.0,0.0
2005-01-25 00:00:00-05:00,49.47999954223633,49.689998626708984,49.34000015258789,49.529998779296875,102300,0.0,0.0
2005-01-26 00:00:00-05:00,49.54999923706055,49.849998474121094,49.54999923706055,49.66999816894531,151500,0.0,0.0
2005-01-27 00:00:00-05:00,49.66999816894531,50.04999923706055,49.59000015258789,49.900001525878906,187800,0.0,0.0
2005-01-28 00:00:00-05:00,50.0,50.04999923706055,49.70000076293945,49.900001525878906,95000,0.0,0.0
2005-01-31 00:00:00-05:00,49.90999984741211,50.16999816894531,49.709999084472656,50.15999984741211,127500,0.0,0.0
2005-02-01 00:00:00-05:00,50.060001373291016,50.52000045776367,49.90999984741211,50.52000045776367,128400,0.0,0.0
2005-02-02 00:00:00-05:00,50.41999816894531,51.0,50.209999084472656,50.75,70800,0.0,0.0
2005-02-03 00:00:00-05:00,50.75,50.790000915527344,50.06999969482422,50.18000030517578,170600,0.0,0.0
2005-02-04 00:00:00-05:00,50.099998474121094,50.709999084472656,50.099998474121094,50.630001068115234,125500,0.0,0.0
2005-02-07 00:00:00-05:00,50.869998931884766,51.209999084472656,50.79999923706055,50.95000076293945,110000,0.0,0.0
2005-02-08 00:00:00-05:00,50.849998474121094,51.15999984741211,50.849998474121094,50.939998626708984,138000,0.0,0.0
2005-02-09 00:00:00-05:00,50.75,50.959999084472656,50.20000076293945,50.290000915527344,121300,0.0,0.0
2005-02-10 00:00:00-05:00,50.790000915527344,51.59000015258789,50.599998474121094,50.95000076293945,436300,0.0,0.0
2005-02-11 00:00:00-05:00,50.79999923706055,51.9900016784668,50.7599983215332,51.83000183105469,219600,0.0,0.0
2005-02-14 00:00:00-05:00,51.75,51.86000061035156,51.650001525878906,51.720001220703125,107200,0.0,0.0
2005-02-15 00:00:00-05:00,51.70000076293945,51.900001525878906,51.54999923706055,51.599998474121094,132000,0.0,0.0
2005-02-16 00:00:00-05:00,51.599998474121094,51.650001525878906,51.119998931884766,51.20000076293945,122100,0.0,0.0
2005-02-17 00:00:00-05:00,51.20000076293945,51.5,50.869998931884766,51.34000015258789,115000,0.0,0.0
2005-02-18 00:00:00-05:00,51.34000015258789,51.540000915527344,50.79999923706055,51.02000045776367,122100,0.0,0.0
2005-02-22 00:00:00-05:00,50.81999969482422,50.9900016784668,50.709999084472656,50.93000030517578,155200,0.0,0.0
2005-02-23 00:00:00-05:00,50.849998474121094,51.16999816894531,50.68000030517578,50.810001373291016,231800,0.0,0.0
2005-02-24 00:00:00-05:00,50.810001373291016,51.93000030517578,50.75,51.7599983215332,205500,0.0,0.0
2005-02-25 00:00:00-05:00,51.560001373291016,52.36000061035156,51.5099983215332,52.20000076293945,191900,0.0,0.0
2005-02-28 00:00:00-05:00,52.099998474121094,52.619998931884766,52.060001373291016,52.5,295600,0.0,0.0
2005-03-01 00:00:00-05:00,52.400001525878906,52.599998474121094,52.0,52.20000076293945,170400,0.0,0.0
2005-03-02 00:00:00-05:00,52.31999969482422,52.650001525878906,52.220001220703125,52.349998474121094,171500,0.0,0.0
2005-03-03 00:00:00-05:00,52.5,52.5,51.79999923706055,52.25,131400,0.0,0.0
2005-03-04 00:00:00-05:00,52.29999923706055,52.7599983215332,52.20000076293945,52.36000061035156,131400,0.0,0.0
2005-03-07 00:00:00-05:00,52.61000061035156,53.25,52.61000061035156,53.0,195800,0.0,0.0
2005-03-08 00:00:00-05:00,53.0,53.220001220703125,52.5,52.540000915527344,103300,0.0,0.0
2005-03-09 00:00:00-05:00,52.439998626708984,52.650001525878906,52.34000015258789,52.439998626708984,69800,0.0,0.0
2005-03-10 00:00:00-05:00,52.29999923706055,52.310001373291016,51.54999923706055,51.58000183105469,180600,0.0,0.0
2005-03-11 00:00:00-05:00,51.68000030517578,52.09000015258789,51.459999084472656,51.65999984741211,172200,0.0,0.0
2005-03-14 00:00:00-05:00,51.65999984741211,53.060001373291016,51.65999984741211,52.93000030517578,226400,0.0,0.0
2005-03-15 00:00:00-05:00,53.029998779296875,53.119998931884766,52.31999969482422,52.349998474121094,147900,0.0,0.0
2005-03-16 00:00:00-05:00,52.25,52.56999969482422,51.7599983215332,51.900001525878906,127500,0.0,0.0
2005-03-17 00:00:00-05:00,52.0,52.099998474121094,51.36000061035156,51.599998474121094,150500,0.0,0.0
2005-03-18 00:00:00-05:00,51.599998474121094,51.61000061035156,51.22999954223633,51.36000061035156,83900,0.0,0.0
2005-03-21 00:00:00-05:00,51.27000045776367,51.529998779296875,51.209999084472656,51.380001068115234,203100,0.0,0.0
2005-03-22 00:00:00-05:00,51.25,51.689998626708984,51.119998931884766,51.43000030517578,269100,0.0,0.0
2005-03-23 00:00:00-05:00,51.20000076293945,51.599998474121094,51.20000076293945,51.400001525878906,194000,0.0,0.0
2005-03-24 00:00:00-05:00,51.349998474121094,51.75,51.25,51.5,136700,0.0,0.0
2005-03-28 00:00:00-05:00,51.4900016784668,51.61000061035156,51.349998474121094,51.4900016784668,151700,0.0,0.0
2005-03-29 00:00:00-05:00,51.45000076293945,51.45000076293945,50.849998474121094,50.93000030517578,150700,0.0,0.0
2005-03-30 00:00:00-05:00,47.5,50.13999938964844,47.150001525878906,47.369998931884766,1008000,0.0,0.0
2005-03-31 00:00:00-05:00,47.900001525878906,47.900001525878906,47.45000076293945,47.5,446900,0.0,0.0
2005-04-01 00:00:00-05:00,47.65999984741211,47.93000030517578,47.56999969482422,47.63999938964844,277200,0.0,0.0
2005-04-04 00:00:00-04:00,47.84000015258789,47.91999816894531,47.11000061035156,47.54999923706055,234000,0.0,0.0
2005-04-05 00:00:00-04:00,47.599998474121094,47.79999923706055,47.52000045776367,47.70000076293945,656000,0.0,0.0
2005-04-06 00:00:00-04:00,47.70000076293945,47.869998931884766,47.59000015258789,47.68000030517578,307100,0.0,0.0
2005-04-07 00:00:00-04:00,47.70000076293945,48.16999816894531,47.68000030517578,47.84000015258789,243100,0.0,0.0
2005-04-08 00:00:00-04:00,47.84000015258789,47.849998474121094,47.4900016784668,47.72999954223633,152100,0.0,0.0
2005-04-11 00:00:00-04:00,47.880001068115234,47.90999984741211,47.38999938964844,47.470001220703125,165700,0.0,0.0
2005-04-12 00:00:00-04:00,47.619998931884766,48.349998474121094,47.54999923706055,48.2599983215332,302500,0.0,0.0
2005-04-13 00:00:00-04:00,48.119998931884766,48.58000183105469,47.5099983215332,47.66999816894531,226600,0.0,0.0
2005-04-14 00:00:00-04:00,47.599998474121094,47.68000030517578,46.810001373291016,46.900001525878906,179100,0.0,0.0
2005-04-15 00:00:00-04:00,46.79999923706055,46.939998626708984,45.959999084472656,46.08000183105469,197000,0.0,0.0
2005-04-18 00:00:00-04:00,46.119998931884766,46.279998779296875,45.599998474121094,45.849998474121094,312700,0.0,0.0
2005-04-19 00:00:00-04:00,45.90999984741211,46.56999969482422,45.90999984741211,46.56999969482422,160000,0.0,0.0
2005-04-20 00:00:00-04:00,46.77000045776367,47.290000915527344,46.70000076293945,46.75,197900,0.0,0.0
2005-04-21 00:00:00-04:00,46.900001525878906,47.77000045776367,46.900001525878906,47.7599983215332,172600,0.0,0.0
2005-04-22 00:00:00-04:00,47.61000061035156,47.619998931884766,46.0,46.20000076293945,437600,0.0,0.0
2005-04-25 00:00:00-04:00,46.099998474121094,46.77000045776367,46.099998474121094,46.75,238000,0.0,0.0
2005-04-26 00:00:00-04:00,46.630001068115234,46.95000076293945,46.540000915527344,46.54999923706055,204500,0.0,0.0
2005-04-27 00:00:00-04:00,46.400001525878906,46.439998626708984,45.75,45.849998474121094,428800,0.0,0.0
2005-04-28 00:00:00-04:00,45.650001525878906,45.95000076293945,45.40999984741211,45.599998474121094,204400,0.0,0.0
2005-04-29 00:00:00-04:00,45.599998474121094,45.970001220703125,45.599998474121094,45.849998474121094,367500,0.0,0.0
2005-05-02 00:00:00-04:00,45.900001525878906,46.470001220703125,45.630001068115234,46.04999923706055,265900,0.0,0.0
2005-05-03 00:00:00-04:00,46.150001525878906,46.83000183105469,46.099998474121094,46.5,224800,0.0,0.0
2005-05-04 00:00:00-04:00,47.0,47.150001525878906,46.70000076293945,46.93000030517578,402300,0.0,0.0
2005-05-05 00:00:00-04:00,47.029998779296875,47.41999816894531,46.84000015258789,46.939998626708984,247700,0.0,0.0
2005-05-06 00:00:00-04:00,47.0,47.349998474121094,47.0,47.290000915527344,109900,0.0,0.0
2005-05-09 00:00:00-04:00,47.09000015258789,47.59000015258789,46.869998931884766,47.16999816894531,204300,0.0,0.0
2005-05-10 00:00:00-04:00,46.939998626708984,47.400001525878906,46.880001068115234,47.18000030517578,117000,0.0,0.0
2005-05-11 00:00:00-04:00,46.93000030517578,47.790000915527344,46.66999816894531,47.650001525878906,239400,0.0,0.0
2005-05-12 00:00:00-04:00,47.650001525878906,48.45000076293945,47.650001525878906,47.84000015258789,149200,0.0,0.0
2005-05-13 00:00:00-04:00,47.83000183105469,47.88999938964844,47.0,47.29999923706055,201100,0.0,0.0
2005-05-16 00:00:00-04:00,47.29999923706055,47.29999923706055,46.77000045776367,47.060001373291016,193900,0.0,0.0
2005-05-17 00:00:00-04:00,47.099998474121094,48.4900016784668,46.95000076293945,48.349998474121094,220000,0.0,0.0
2005-05-18 00:00:00-04:00,48.29999923706055,48.97999954223633,48.29999923706055,48.95000076293945,187600,0.0,0.0
2005-05-19 00:00:00-04:00,48.75,49.09000015258789,48.619998931884766,48.90999984741211,122300,0.0,0.0
2005-05-20 00:00:00-04:00,48.5,49.0,48.41999816894531,49.0,173100,0.0,0.0
2005-05-23 00:00:00-04:00,48.95000076293945,49.29999923706055,48.83000183105469,49.02000045776367,100900,0.0,0.0
2005-05-24 00:00:00-04:00,48.900001525878906,48.959999084472656,48.70000076293945,48.790000915527344,93900,0.0,0.0
2005-05-25 00:00:00-04:00,49.099998474121094,49.099998474121094,48.45000076293945,48.5,143900,0.0,0.0
2005-05-26 00:00:00-04:00,48.849998474121094,48.88999938964844,48.59000015258789,48.79999923706055,126100,0.0,0.0
2005-05-27 00:00:00-04:00,48.849998474121094,48.90999984741211,48.5,48.779998779296875,72700,0.0,0.0
2005-05-31 00:00:00-04:00,48.72999954223633,49.0,48.599998474121094,49.0,98000,0.0,0.0
2005-06-01 00:00:00-04:00,48.95000076293945,49.529998779296875,48.83000183105469,49.2599983215332,171600,0.0,0.0
2005-06-02 00:00:00-04:00,49.36000061035156,49.56999969482422,49.0,49.56999969482422,114100,0.0,0.0
2005-06-03 00:00:00-04:00,49.470001220703125,49.59000015258789,48.849998474121094,48.90999984741211,176900,0.0,0.0
2005-06-06 00:00:00-04:00,48.849998474121094,49.279998779296875,48.75,49.25,151300,0.0,0.0
2005-06-07 00:00:00-04:00,49.34000015258789,49.439998626708984,48.880001068115234,48.95000076293945,173800,0.0,0.0
2005-06-08 00:00:00-04:00,48.97999954223633,49.29999923706055,48.41999816894531,48.470001220703125,218500,0.0,0.0
2005-06-09 00:00:00-04:00,48.400001525878906,48.63999938964844,48.20000076293945,48.58000183105469,78700,0.0,0.0
2005-06-10 00:00:00-04:00,48.58000183105469,48.79999923706055,48.220001220703125,48.599998474121094,125000,0.0,0.0
2005-06-13 00:00:00-04:00,48.459999084472656,48.779998779296875,48.290000915527344,48.54999923706055,87000,0.0,0.0
2005-06-14 00:00:00-04:00,48.380001068115234,48.61000061035156,48.20000076293945,48.43000030517578,66000,0.0,0.0
2005-06-15 00:00:00-04:00,48.43000030517578,48.4900016784668,47.66999816894531,47.79999923706055,143800,0.0,0.0
2005-06-16 00:00:00-04:00,47.79999923706055,47.79999923706055,46.900001525878906,47.150001525878906,233000,0.0,0.0
2005-06-17 00:00:00-04:00,47.25,47.25,46.90999984741211,47.099998474121094,116400,0.0,0.0
2005-06-20 00:00:00-04:00,47.099998474121094,47.150001525878906,46.88999938964844,47.0,338700,0.0,0.0
2005-06-21 00:00:00-04:00,46.900001525878906,47.08000183105469,46.849998474121094,46.900001525878906,109300,0.0,0.0
2005-06-22 00:00:00-04:00,46.95000076293945,46.95000076293945,46.5,46.59000015258789,629600,0.0,0.0
2005-06-23 00:00:00-04:00,46.59000015258789,46.599998474121094,45.540000915527344,45.66999816894531,358400,0.0,0.0
2005-06-24 00:00:00-04:00,45.56999969482422,45.720001220703125,45.2599983215332,45.5099983215332,299900,0.0,0.0
2005-06-27 00:00:00-04:00,45.310001373291016,45.529998779296875,45.2400016784668,45.2400016784668,161600,0.0,0.0
2005-06-28 00:00:00-04:00,45.2400016784668,45.83000183105469,45.2400016784668,45.66999816894531,223500,0.0,0.0
2005-06-29 00:00:00-04:00,45.75,45.97999954223633,45.689998626708984,45.95000076293945,93500,0.0,0.0
2005-06-30 00:00:00-04:00,46.45000076293945,47.0,46.369998931884766,46.58000183105469,184000,0.0,0.0
2005-07-01 00:00:00-04:00,46.58000183105469,46.709999084472656,46.0,46.61000061035156,150600,0.0,0.0
2005-07-05 00:00:00-04:00,46.61000061035156,47.150001525878906,46.5,46.880001068115234,139900,0.0,0.0
2005-07-06 00:00:00-04:00,46.75,47.08000183105469,46.66999816894531,46.66999816894531,97200,0.0,0.0
2005-07-07 00:00:00-04:00,46.54999923706055,47.22999954223633,46.20000076293945,47.029998779296875,191500,0.0,0.0
2005-07-08 00:00:00-04:00,47.130001068115234,47.84000015258789,47.0,47.65999984741211,110900,0.0,0.0
2005-07-11 00:00:00-04:00,47.70000076293945,47.970001220703125,47.599998474121094,47.91999816894531,76300,0.0,0.0
2005-07-12 00:00:00-04:00,47.849998474121094,47.9900016784668,47.75,47.849998474121094,104900,0.0,0.0
2005-07-13 00:00:00-04:00,47.79999923706055,47.79999923706055,47.220001220703125,47.5,247000,0.0,0.0
2005-07-14 00:00:00-04:00,47.5,47.779998779296875,47.41999816894531,47.599998474121094,103200,0.0,0.0
2005-07-15 00:00:00-04:00,47.599998474121094,47.75,47.27000045776367,47.58000183105469,139100,0.0,0.0
2005-07-18 00:00:00-04:00,47.58000183105469,47.72999954223633,47.38999938964844,47.59000015258789,222500,0.0,0.0
2005-07-19 00:00:00-04:00,47.439998626708984,48.0,47.29999923706055,47.79999923706055,132800,0.0,0.0
2005-07-20 00:00:00-04:00,47.79999923706055,49.349998474121094,47.79999923706055,49.04999923706055,210500,0.0,0.0
2005-07-21 00:00:00-04:00,49.060001373291016,49.7400016784668,48.779998779296875,48.900001525878906,192900,0.0,0.0
2005-07-22 00:00:00-04:00,48.70000076293945,49.02000045776367,48.43000030517578,48.5,335600,0.0,0.0
2005-07-25 00:00:00-04:00,48.45000076293945,48.52000045776367,48.220001220703125,48.29999923706055,116600,0.0,0.0
2005-07-26 00:00:00-04:00,48.45000076293945,49.29999923706055,48.45000076293945,48.7400016784668,360300,0.0,0.0
2005-07-27 00:00:00-04:00,48.650001525878906,49.599998474121094,48.599998474121094,49.33000183105469,120700,0.0,0.0
2005-07-28 00:00:00-04:00,49.029998779296875,49.70000076293945,49.0,49.58000183105469,142900,0.0,0.0
2005-07-29 00:00:00-04:00,51.529998779296875,52.869998931884766,51.2400016784668,52.5,468300,0.0,0.0
2005-08-01 00:00:00-04:00,52.5,52.54999923706055,51.91999816894531,52.0,281400,0.0,0.0
2005-08-02 00:00:00-04:00,52.0099983215332,52.650001525878906,52.0099983215332,52.15999984741211,211300,0.0,0.0
2005-08-03 00:00:00-04:00,52.0,52.15999984741211,51.45000076293945,51.599998474121094,246600,0.0,0.0
2005-08-04 00:00:00-04:00,51.58000183105469,51.59000015258789,50.90999984741211,51.0,166100,0.0,0.0
2005-08-05 00:00:00-04:00,51.0,51.13999938964844,50.72999954223633,50.75,124800,0.0,0.0
2005-08-08 00:00:00-04:00,50.5,50.560001373291016,50.29999923706055,50.45000076293945,135700,0.0,0.0
2005-08-09 00:00:00-04:00,50.349998474121094,50.36000061035156,49.779998779296875,49.959999084472656,124300,0.0,0.0
2005-08-10 00:00:00-04:00,49.959999084472656,50.54999923706055,49.75,49.810001373291016,170100,0.0,0.0
2005-08-11 00:00:00-04:00,49.65999984741211,50.70000076293945,49.65999984741211,50.63999938964844,138800,0.0,0.0
2005-08-12 00:00:00-04:00,50.540000915527344,50.93000030517578,50.47999954223633,50.560001373291016,212400,0.0,0.0
2005-08-15 00:00:00-04:00,50.599998474121094,51.369998931884766,50.40999984741211,50.900001525878906,161400,0.0,0.0
2005-08-16 00:00:00-04:00,50.75,50.900001525878906,50.15999984741211,50.15999984741211,155700,0.0,0.0
2005-08-17 00:00:00-04:00,50.29999923706055,50.72999954223633,50.060001373291016,50.41999816894531,221600,0.0,0.0
2005-08-18 00:00:00-04:00,50.41999816894531,50.56999969482422,50.099998474121094,50.349998474121094,101500,0.0,0.0
2005-08-19 00:00:00-04:00,50.36000061035156,50.72999954223633,50.0,50.09000015258789,205500,0.0,0.0
2005-08-22 00:00:00-04:00,50.20000076293945,50.900001525878906,50.13999938964844,50.63999938964844,135900,0.0,0.0
2005-08-23 00:00:00-04:00,50.560001373291016,50.7400016784668,50.06999969482422,50.209999084472656,91000,0.0,0.0
2005-08-24 00:00:00-04:00,50.29999923706055,51.0,50.25,50.400001525878906,96600,0.0,0.0
2005-08-25 00:00:00-04:00,50.36000061035156,50.790000915527344,50.349998474121094,50.75,105100,0.0,0.0
2005-08-26 00:00:00-04:00,50.650001525878906,50.7599983215332,49.75,49.79999923706055,162200,0.0,0.0
2005-08-29 00:00:00-04:00,49.689998626708984,50.54999923706055,49.689998626708984,50.20000076293945,230500,0.0,0.0
2005-08-30 00:00:00-04:00,50.099998474121094,50.18000030517578,49.7400016784668,49.939998626708984,79200,0.0,0.0
2005-08-31 00:00:00-04:00,49.70000076293945,50.4900016784668,49.29999923706055,50.400001525878906,213600,0.0,0.0
2005-09-01 00:00:00-04:00,50.20000076293945,50.81999969482422,50.04999923706055,50.5,189000,0.0,0.0
2005-09-02 00:00:00-04:00,50.5,50.650001525878906,49.5,49.56999969482422,118900,0.0,0.0
2005-09-06 00:00:00-04:00,49.650001525878906,49.959999084472656,49.599998474121094,49.7400016784668,384200,0.0,0.0
2005-09-07 00:00:00-04:00,49.77000045776367,50.65999984741211,49.619998931884766,50.65999984741211,215000,0.0,0.0
2005-09-08 00:00:00-04:00,50.65999984741211,50.790000915527344,50.400001525878906,50.75,106800,0.0,0.0
2005-09-09 00:00:00-04:00,50.75,51.47999954223633,50.75,51.38999938964844,162700,0.0,0.0
2005-09-12 00:00:00-04:00,51.45000076293945,51.59000015258789,51.20000076293945,51.41999816894531,162200,0.0,0.0
2005-09-13 00:00:00-04:00,51.400001525878906,51.5,50.900001525878906,50.95000076293945,100700,0.0,0.0
2005-09-14 00:00:00-04:00,50.900001525878906,50.90999984741211,50.400001525878906,50.459999084472656,66800,0.0,0.0
2005-09-15 00:00:00-04:00,50.400001525878906,50.400001525878906,49.47999954223633,49.630001068115234,182200,0.0,0.0
2005-09-16 00:00:00-04:00,49.79999923706055,50.150001525878906,49.689998626708984,49.939998626708984,162000,0.0,0.0
2005-09-19 00:00:00-04:00,49.79999923706055,50.310001373291016,49.459999084472656,49.849998474121094,110500,0.0,0.0
2005-09-20 00:00:00-04:00,49.849998474121094,49.95000076293945,49.27000045776367,49.369998931884766,150400,0.0,0.0
2005-09-21 00:00:00-04:00,49.33000183105469,49.540000915527344,49.040000915527344,49.5,119500,0.0,0.0
2005-09-22 00:00:00-04:00,49.349998474121094,49.52000045776367,49.209999084472656,49.4900016784668,93500,0.0,0.0
2005-09-23 00:00:00-04:00,49.400001525878906,49.95000076293945,49.400001525878906,49.7400016784668,183500,0.0,0.0
2005-09-26 00:00:00-04:00,49.9900016784668,50.220001220703125,49.5,49.68000030517578,72300,0.0,0.0
2005-09-27 00:00:00-04:00,49.779998779296875,50.400001525878906,49.779998779296875,50.349998474121094,172900,0.0,0.0
2005-09-28 00:00:00-04:00,50.349998474121094,50.599998474121094,49.81999969482422,50.349998474121094,141100,0.0,0.0
2005-09-29 00:00:00-04:00,50.279998779296875,50.88999938964844,50.099998474121094,50.70000076293945,98800,0.0,0.0
2005-09-30 00:00:00-04:00,50.650001525878906,51.099998474121094,50.61000061035156,50.97999954223633,92000,0.0,0.0
2005-10-03 00:00:00-04:00,50.97999954223633,51.9900016784668,50.97999954223633,51.599998474121094,180200,0.0,0.0
2005-10-04 00:00:00-04:00,51.5,52.130001068115234,51.36000061035156,52.0099983215332,171300,0.0,0.0
2005-10-05 00:00:00-04:00,51.95000076293945,51.95000076293945,51.310001373291016,51.58000183105469,237300,0.0,0.0
2005-10-06 00:00:00-04:00,51.529998779296875,51.869998931884766,51.209999084472656,51.47999954223633,257000,0.0,0.0
2005-10-07 00:00:00-04:00,51.5,51.849998474121094,51.29999923706055,51.61000061035156,165700,0.0,0.0
2005-10-10 00:00:00-04:00,51.5,51.5,50.81999969482422,51.20000076293945,142200,0.0,0.0
2005-10-11 00:00:00-04:00,51.20000076293945,51.33000183105469,50.790000915527344,50.880001068115234,222300,0.0,0.0
2005-10-12 00:00:00-04:00,50.880001068115234,51.22999954223633,50.5099983215332,51.22999954223633,181000,0.0,0.0
2005-10-13 00:00:00-04:00,51.20000076293945,51.34000015258789,50.880001068115234,51.0,212800,0.0,0.0
2005-10-14 00:00:00-04:00,50.959999084472656,51.439998626708984,50.31999969482422,51.439998626708984,461800,0.0,0.0
2005-10-17 00:00:00-04:00,51.439998626708984,51.93000030517578,51.290000915527344,51.81999969482422,159700,0.0,0.0
2005-10-18 00:00:00-04:00,51.75,52.5,51.619998931884766,51.97999954223633,106800,0.0,0.0
2005-10-19 00:00:00-04:00,52.0,52.599998474121094,51.63999938964844,52.599998474121094,188200,0.0,0.0
2005-10-20 00:00:00-04:00,52.54999923706055,52.849998474121094,52.189998626708984,52.2400016784668,123900,0.0,0.0
2005-10-21 00:00:00-04:00,52.4900016784668,52.650001525878906,51.380001068115234,51.5,168300,0.0,0.0
2005-10-24 00:00:00-04:00,51.5099983215332,51.810001373291016,51.5,51.619998931884766,158300,0.0,0.0
2005-10-25 00:00:00-04:00,51.630001068115234,51.7400016784668,51.310001373291016,51.56999969482422,285900,0.0,0.0
2005-10-26 00:00:00-04:00,51.470001220703125,51.5,50.95000076293945,50.95000076293945,173400,0.0,0.0
2005-10-27 00:00:00-04:00,50.900001525878906,50.9900016784668,50.54999923706055,50.900001525878906,251900,0.0,0.0
2005-10-28 00:00:00-04:00,50.91999816894531,51.16999816894531,50.59000015258789,51.029998779296875,199000,0.0,0.0
2005-10-31 00:00:00-05:00,51.029998779296875,51.720001220703125,51.029998779296875,51.599998474121094,189100,0.0,0.0
2005-11-01 00:00:00-05:00,51.45000076293945,51.63999938964844,51.220001220703125,51.22999954223633,254200,0.0,0.0
2005-11-02 00:00:00-05:00,51.150001525878906,52.470001220703125,51.150001525878906,52.31999969482422,156300,0.0,0.0
2005-11-03 00:00:00-05:00,52.34000015258789,52.849998474121094,51.90999984741211,52.369998931884766,163200,0.0,0.0
2005-11-04 00:00:00-05:00,53.880001068115234,56.86000061035156,53.400001525878906,56.20000076293945,1126700,0.0,0.0
2005-11-07 00:00:00-05:00,55.20000076293945,57.029998779296875,54.900001525878906,56.20000076293945,751300,0.0,0.0
2005-11-08 00:00:00-05:00,56.04999923706055,56.13999938964844,55.709999084472656,56.029998779296875,228000,0.0,0.0
2005-11-09 00:00:00-05:00,55.95000076293945,56.04999923706055,55.54999923706055,55.900001525878906,260300,0.0,0.0
2005-11-10 00:00:00-05:00,55.75,56.0,55.43000030517578,56.0,190600,0.0,0.0
2005-11-11 00:00:00-05:00,55.599998474121094,55.939998626708984,55.52000045776367,55.900001525878906,133000,0.0,0.0
2005-11-14 00:00:00-05:00,55.849998474121094,56.77000045776367,55.66999816894531,56.400001525878906,326600,0.0,0.0
2005-11-15 00:00:00-05:00,56.25,56.4900016784668,56.099998474121094,56.220001220703125,292000,0.0,0.0
2005-11-16 00:00:00-05:00,56.20000076293945,56.380001068115234,56.0,56.099998474121094,147000,0.0,0.0
2005-11-17 00:00:00-05:00,56.220001220703125,56.34000015258789,56.0,56.18000030517578,175700,0.0,0.0
2005-11-18 00:00:00-05:00,56.25,56.63999938964844,56.25,56.400001525878906,199500,0.0,0.0
2005-11-21 00:00:00-05:00,56.900001525878906,58.45000076293945,56.52000045776367,58.20000076293945,717100,0.0,0.0
2005-11-22 00:00:00-05:00,58.150001525878906,58.66999816894531,58.02000045776367,58.16999816894531,532900,0.0,0.0
2005-11-23 00:00:00-05:00,58.130001068115234,58.4900016784668,57.70000076293945,57.869998931884766,203500,0.0,0.0
2005-11-25 00:00:00-05:00,57.599998474121094,57.83000183105469,57.29999923706055,57.470001220703125,134500,0.0,0.0
2005-11-28 00:00:00-05:00,57.29999923706055,57.45000076293945,56.720001220703125,56.720001220703125,171700,0.0,0.0
2005-11-29 00:00:00-05:00,56.91999816894531,57.349998474121094,56.75,56.88999938964844,273700,0.0,0.0
2005-11-30 00:00:00-05:00,56.849998474121094,57.5,56.790000915527344,57.08000183105469,277200,0.0,0.0
2005-12-01 00:00:00-05:00,57.18000030517578,57.66999816894531,57.150001525878906,57.540000915527344,231900,0.0,0.0
2005-12-02 00:00:00-05:00,57.36000061035156,57.68000030517578,57.0,57.20000076293945,111400,0.0,0.0
2005-12-05 00:00:00-05:00,56.79999923706055,57.900001525878906,56.790000915527344,57.81999969482422,271700,0.0,0.0
2005-12-06 00:00:00-05:00,57.970001220703125,58.08000183105469,57.04999923706055,57.04999923706055,137400,0.0,0.0
2005-12-07 00:00:00-05:00,57.029998779296875,57.290000915527344,56.66999816894531,57.04999923706055,116000,0.0,0.0
2005-12-08 00:00:00-05:00,57.099998474121094,57.91999816894531,56.939998626708984,57.54999923706055,177900,0.0,0.0
2005-12-09 00:00:00-05:00,57.45000076293945,57.9900016784668,57.45000076293945,57.869998931884766,129800,0.0,0.0
2005-12-12 00:00:00-05:00,58.0,58.20000076293945,57.900001525878906,58.04999923706055,136700,0.0,0.0
2005-12-13 00:00:00-05:00,58.099998474121094,58.439998626708984,57.650001525878906,57.959999084472656,141900,0.0,0.0
2005-12-14 00:00:00-05:00,57.880001068115234,57.9900016784668,57.20000076293945,57.380001068115234,147800,0.0,0.0
2005-12-15 00:00:00-05:00,57.29999923706055,57.47999954223633,56.869998931884766,57.02000045776367,188400,0.0,0.0
2005-12-16 00:00:00-05:00,56.95000076293945,57.2599983215332,56.900001525878906,56.95000076293945,166800,0.0,0.0
2005-12-19 00:00:00-05:00,56.79999923706055,56.79999923706055,55.220001220703125,55.400001525878906,249700,0.0,0.0
2005-12-20 00:00:00-05:00,55.33000183105469,56.33000183105469,55.33000183105469,55.900001525878906,224800,0.0,0.0
2005-12-21 00:00:00-05:00,56.119998931884766,56.45000076293945,55.689998626708984,56.0,115400,0.0,0.0
2005-12-22 00:00:00-05:00,55.9900016784668,56.20000076293945,55.689998626708984,56.13999938964844,99300,0.0,0.0
2005-12-23 00:00:00-05:00,56.13999938964844,56.2599983215332,55.900001525878906,55.90999984741211,92700,0.0,0.0
2005-12-27 00:00:00-05:00,55.560001373291016,56.22999954223633,54.47999954223633,55.29999923706055,149100,0.0,0.0
2005-12-28 00:00:00-05:00,55.29999923706055,55.5099983215332,54.900001525878906,55.20000076293945,83900,0.0,0.0
2005-12-29 00:00:00-05:00,55.2599983215332,55.79999923706055,55.2599983215332,55.599998474121094,65300,0.0,0.0
2005-12-30 00:00:00-05:00,55.54999923706055,55.650001525878906,54.619998931884766,55.20000076293945,134700,0.0,0.0
2006-01-03 00:00:00-05:00,55.349998474121094,55.689998626708984,54.779998779296875,55.619998931884766,142500,0.0,0.0
2006-01-04 00:00:00-05:00,55.720001220703125,56.06999969482422,55.58000183105469,56.06999969482422,128600,0.0,0.0
2006-01-05 00:00:00-05:00,55.970001220703125,56.2400016784668,55.869998931884766,55.970001220703125,133600,0.0,0.0
2006-01-06 00:00:00-05:00,56.0,56.099998474121094,55.849998474121094,55.95000076293945,149700,0.0,0.0
2006-01-09 00:00:00-05:00,56.04999923706055,56.560001373291016,55.900001525878906,56.400001525878906,140700,0.0,0.0
2006-01-10 00:00:00-05:00,56.400001525878906,56.650001525878906,56.130001068115234,56.310001373291016,144600,0.0,0.0
2006-01-11 00:00:00-05:00,56.310001373291016,56.63999938964844,56.189998626708984,56.54999923706055,117300,0.0,0.0
2006-01-12 00:00:00-05:00,56.5,56.61000061035156,56.0,56.189998626708984,242000,0.0,0.0
2006-01-13 00:00:00-05:00,56.099998474121094,56.45000076293945,56.0,56.45000076293945,251600,0.0,0.0
2006-01-17 00:00:00-05:00,56.25,56.59000015258789,55.81999969482422,56.27000045776367,293900,0.0,0.0
2006-01-18 00:00:00-05:00,56.25,58.099998474121094,56.25,57.869998931884766,322400,0.0,0.0
2006-01-19 00:00:00-05:00,57.619998931884766,58.04999923706055,57.33000183105469,57.58000183105469,182100,0.0,0.0
2006-01-20 00:00:00-05:00,57.650001525878906,57.709999084472656,57.029998779296875,57.25,147500,0.0,0.0
2006-01-23 00:00:00-05:00,57.22999954223633,57.33000183105469,56.61000061035156,56.81999969482422,130400,0.0,0.0
2006-01-24 00:00:00-05:00,56.869998931884766,57.88999938964844,56.869998931884766,57.88999938964844,149200,0.0,0.0
2006-01-25 00:00:00-05:00,57.900001525878906,57.939998626708984,57.5,57.81999969482422,171200,0.0,0.0
2006-01-26 00:00:00-05:00,57.900001525878906,58.369998931884766,57.84000015258789,58.189998626708984,172500,0.0,0.0
2006-01-27 00:00:00-05:00,58.18000030517578,58.91999816894531,58.119998931884766,58.65999984741211,196400,0.0,0.0
2006-01-30 00:00:00-05:00,58.66999816894531,58.91999816894531,58.58000183105469,58.86000061035156,179300,0.0,0.0
2006-01-31 00:00:00-05:00,58.75,58.79999923706055,57.88999938964844,57.88999938964844,225800,0.0,0.0
2006-02-01 00:00:00-05:00,57.790000915527344,59.41999816894531,57.790000915527344,59.310001373291016,223900,0.0,0.0
2006-02-02 00:00:00-05:00,59.220001220703125,59.220001220703125,57.88999938964844,58.08000183105469,208300,0.0,0.0
2006-02-03 00:00:00-05:00,58.08000183105469,58.790000915527344,57.95000076293945,58.7400016784668,195400,0.0,0.0
2006-02-06 00:00:00-05:00,58.70000076293945,59.209999084472656,58.34000015258789,59.029998779296875,271400,0.0,0.0
2006-02-07 00:00:00-05:00,60.9900016784668,62.310001373291016,60.31999969482422,60.45000076293945,624600,0.0,0.0
2006-02-08 00:00:00-05:00,60.290000915527344,60.290000915527344,58.869998931884766,59.630001068115234,382300,0.0,0.0
2006-02-09 00:00:00-05:00,59.72999954223633,60.150001525878906,59.66999816894531,60.150001525878906,197600,0.0,0.0
2006-02-10 00:00:00-05:00,63.400001525878906,64.44999694824219,61.45000076293945,61.900001525878906,1010600,0.0,0.0
2006-02-13 00:00:00-05:00,61.900001525878906,61.900001525878906,61.02000045776367,61.369998931884766,225900,0.0,0.0
2006-02-14 00:00:00-05:00,61.16999816894531,61.790000915527344,60.7599983215332,61.59000015258789,289800,0.0,0.0
2006-02-15 00:00:00-05:00,61.5,62.099998474121094,61.4900016784668,61.63999938964844,266600,0.0,0.0
2006-02-16 00:00:00-05:00,61.56999969482422,61.81999969482422,61.08000183105469,61.47999954223633,653100,0.0,0.0
2006-02-17 00:00:00-05:00,61.2400016784668,61.90999984741211,61.099998474121094,61.70000076293945,564000,0.0,0.0
2006-02-21 00:00:00-05:00,61.45000076293945,61.7400016784668,60.630001068115234,60.66999816894531,189800,0.0,0.0
2006-02-22 00:00:00-05:00,60.689998626708984,61.25,60.689998626708984,60.849998474121094,472100,0.0,0.0
2006-02-23 00:00:00-05:00,60.779998779296875,61.0,60.40999984741211,60.650001525878906,442900,0.0,0.0
2006-02-24 00:00:00-05:00,60.599998474121094,61.0,60.58000183105469,60.68000030517578,305500,0.0,0.0
2006-02-27 00:00:00-05:00,60.75,61.29999923706055,60.75,60.97999954223633,303100,0.0,0.0
2006-02-28 00:00:00-05:00,60.83000183105469,61.130001068115234,60.27000045776367,60.560001373291016,232900,0.0,0.0
2006-03-01 00:00:00-05:00,60.65999984741211,60.90999984741211,60.41999816894531,60.70000076293945,275200,0.0,0.0
2006-03-02 00:00:00-05:00,60.66999816894531,60.810001373291016,60.36000061035156,60.52000045776367,206900,0.0,0.0
2006-03-03 00:00:00-05:00,60.529998779296875,61.47999954223633,60.529998779296875,61.0,400100,0.0,0.0
2006-03-06 00:00:00-05:00,60.95000076293945,60.959999084472656,59.04999923706055,59.86000061035156,293700,0.0,0.0
2006-03-07 00:00:00-05:00,59.869998931884766,60.400001525878906,59.54999923706055,60.20000076293945,473100,0.0,0.0
2006-03-08 00:00:00-05:00,60.099998474121094,60.45000076293945,59.810001373291016,60.16999816894531,370200,0.0,0.0
2006-03-09 00:00:00-05:00,60.150001525878906,60.790000915527344,59.650001525878906,59.66999816894531,291700,0.0,0.0
2006-03-10 00:00:00-05:00,59.65999984741211,60.119998931884766,59.54999923706055,59.900001525878906,196700,0.0,0.0
2006-03-13 00:00:00-05:00,59.880001068115234,60.5,59.86000061035156,60.25,293400,0.0,0.0
2006-03-14 00:00:00-05:00,60.279998779296875,61.099998474121094,60.279998779296875,60.779998779296875,188500,0.0,0.0
2006-03-15 00:00:00-05:00,60.7599983215332,61.16999816894531,60.290000915527344,60.290000915527344,293900,0.0,0.0
2006-03-16 00:00:00-05:00,60.45000076293945,60.939998626708984,60.45000076293945,60.529998779296875,206300,0.0,0.0
2006-03-17 00:00:00-05:00,60.5,60.5099983215332,59.83000183105469,60.08000183105469,276200,0.0,0.0
2006-03-20 00:00:00-05:00,60.150001525878906,60.529998779296875,59.869998931884766,60.11000061035156,515500,0.0,0.0
2006-03-21 00:00:00-05:00,60.11000061035156,60.47999954223633,59.5,59.59000015258789,319700,0.0,0.0
2006-03-22 00:00:00-05:00,59.52000045776367,60.47999954223633,59.400001525878906,59.97999954223633,383500,0.0,0.0
2006-03-23 00:00:00-05:00,60.0,60.4900016784668,59.939998626708984,60.20000076293945,247600,0.0,0.0
2006-03-24 00:00:00-05:00,60.20000076293945,60.56999969482422,60.119998931884766,60.279998779296875,279100,0.0,0.0
2006-03-27 00:00:00-05:00,60.33000183105469,61.0,60.2400016784668,60.27000045776367,188000,0.0,0.0
2006-03-28 00:00:00-05:00,60.189998626708984,60.349998474121094,59.91999816894531,59.97999954223633,132700,0.0,0.0
2006-03-29 00:00:00-05:00,59.970001220703125,60.81999969482422,59.970001220703125,60.70000076293945,313500,0.0,0.0
2006-03-30 00:00:00-05:00,60.650001525878906,61.04999923706055,60.20000076293945,60.47999954223633,151500,0.0,0.0
2006-03-31 00:00:00-05:00,60.400001525878906,60.70000076293945,59.959999084472656,60.34000015258789,396300,0.0,0.0
2006-04-03 00:00:00-04:00,60.47999954223633,61.189998626708984,60.47999954223633,60.58000183105469,183800,0.0,0.0
2006-04-04 00:00:00-04:00,60.599998474121094,61.220001220703125,60.599998474121094,60.880001068115234,200100,0.0,0.0
2006-04-05 00:00:00-04:00,60.95000076293945,61.470001220703125,60.95000076293945,61.369998931884766,239200,0.0,0.0
2006-04-06 00:00:00-04:00,61.380001068115234,61.84000015258789,61.22999954223633,61.470001220703125,238800,0.0,0.0
2006-04-07 00:00:00-04:00,61.5,61.880001068115234,61.5,61.849998474121094,371800,0.0,0.0
2006-04-10 00:00:00-04:00,61.83000183105469,61.849998474121094,61.5,61.560001373291016,386200,0.0,0.0
2006-04-11 00:00:00-04:00,61.599998474121094,61.77000045776367,61.29999923706055,61.400001525878906,264900,0.0,0.0
2006-04-12 00:00:00-04:00,61.45000076293945,61.939998626708984,61.369998931884766,61.54999923706055,192000,0.0,0.0
2006-04-13 00:00:00-04:00,61.599998474121094,62.04999923706055,61.560001373291016,61.86000061035156,160600,0.0,0.0
2006-04-17 00:00:00-04:00,61.900001525878906,62.310001373291016,61.720001220703125,62.16999816894531,129000,0.0,0.0
2006-04-18 00:00:00-04:00,62.20000076293945,63.29999923706055,61.95000076293945,63.20000076293945,157000,0.0,0.0
2006-04-19 00:00:00-04:00,63.18000030517578,63.36000061035156,62.689998626708984,63.36000061035156,130000,0.0,0.0
2006-04-20 00:00:00-04:00,63.2599983215332,63.630001068115234,62.97999954223633,63.2599983215332,240700,0.0,0.0
2006-04-21 00:00:00-04:00,63.31999969482422,63.380001068115234,62.209999084472656,62.5099983215332,424400,0.0,0.0
2006-04-24 00:00:00-04:00,63.099998474121094,64.76000213623047,62.650001525878906,64.48999786376953,409600,0.0,0.0
2006-04-25 00:00:00-04:00,64.51000213623047,65.16999816894531,63.90999984741211,64.45999908447266,390000,0.0,0.0
2006-04-26 00:00:00-04:00,64.63999938964844,65.77999877929688,64.63999938964844,65.04000091552734,422800,0.0,0.0
2006-04-27 00:00:00-04:00,65.05000305175781,65.63999938964844,64.51000213623047,64.56999969482422,179800,0.0,0.0
2006-04-28 00:00:00-04:00,64.56999969482422,65.30999755859375,64.43000030517578,64.80000305175781,179400,0.0,0.0
2006-05-01 00:00:00-04:00,64.75,65.41999816894531,63.650001525878906,64.98999786376953,410400,0.0,0.0
2006-05-02 00:00:00-04:00,64.91999816894531,65.1500015258789,64.47000122070312,64.87000274658203,251300,0.0,0.0
2006-05-03 00:00:00-04:00,64.80000305175781,65.69000244140625,64.62000274658203,65.69000244140625,186000,0.0,0.0
2006-05-04 00:00:00-04:00,67.5,68.33000183105469,65.62000274658203,65.94999694824219,658200,0.0,0.0
2006-05-05 00:00:00-04:00,65.94000244140625,66.04000091552734,64.83000183105469,65.76000213623047,454600,0.0,0.0
2006-05-08 00:00:00-04:00,65.73999786376953,66.55999755859375,65.73999786376953,66.41000366210938,191100,0.0,0.0
2006-05-09 00:00:00-04:00,66.30000305175781,66.97000122070312,65.87999725341797,66.87000274658203,223300,0.0,0.0
2006-05-10 00:00:00-04:00,66.87000274658203,69.0,66.87000274658203,68.33999633789062,589200,0.0,0.0
2006-05-11 00:00:00-04:00,68.16000366210938,68.41999816894531,67.83000183105469,68.18000030517578,358500,0.0,0.0
2006-05-12 00:00:00-04:00,68.0,68.26000213623047,67.63999938964844,67.7699966430664,257600,0.0,0.0
2006-05-15 00:00:00-04:00,67.7699966430664,68.30000305175781,67.36000061035156,68.08999633789062,334100,0.0,0.0
2006-05-16 00:00:00-04:00,68.08000183105469,68.66000366210938,66.66000366210938,66.80000305175781,273400,0.0,0.0
2006-05-17 00:00:00-04:00,66.69999694824219,66.70999908447266,65.47000122070312,65.72000122070312,231100,0.0,0.0
2006-05-18 00:00:00-04:00,65.69999694824219,66.7300033569336,65.0199966430664,65.05999755859375,201000,0.0,0.0
2006-05-19 00:00:00-04:00,65.0999984741211,65.51000213623047,64.30000305175781,64.70999908447266,201400,0.0,0.0
2006-05-22 00:00:00-04:00,64.3499984741211,64.7300033569336,63.560001373291016,63.91999816894531,332500,0.0,0.0
2006-05-23 00:00:00-04:00,64.05000305175781,64.94999694824219,63.84000015258789,63.880001068115234,299200,0.0,0.0
2006-05-24 00:00:00-04:00,63.90999984741211,64.58999633789062,63.560001373291016,63.900001525878906,284800,0.0,0.0
2006-05-25 00:00:00-04:00,64.05000305175781,64.4800033569336,63.7599983215332,64.0,192800,0.0,0.0
2006-05-26 00:00:00-04:00,64.0,64.31999969482422,63.29999923706055,64.0,177700,0.0,0.0
2006-05-30 00:00:00-04:00,63.9900016784668,64.02999877929688,62.650001525878906,62.650001525878906,295000,0.0,0.0
2006-05-31 00:00:00-04:00,61.90999984741211,64.79000091552734,61.90999984741211,64.79000091552734,330900,0.0,0.0
2006-06-01 00:00:00-04:00,65.08999633789062,66.30000305175781,65.04000091552734,65.4800033569336,473800,0.0,0.0
2006-06-02 00:00:00-04:00,65.48999786376953,65.55000305175781,63.70000076293945,63.95000076293945,271900,0.0,0.0
2006-06-05 00:00:00-04:00,63.5,63.880001068115234,62.540000915527344,62.70000076293945,206200,0.0,0.0
2006-06-06 00:00:00-04:00,62.400001525878906,62.93000030517578,61.779998779296875,62.04999923706055,248800,0.0,0.0
2006-06-07 00:00:00-04:00,61.9900016784668,62.310001373291016,60.79999923706055,60.900001525878906,298100,0.0,0.0
2006-06-08 00:00:00-04:00,60.90999984741211,61.58000183105469,59.5,60.34000015258789,416600,0.0,0.0
2006-06-09 00:00:00-04:00,59.900001525878906,61.130001068115234,59.79999923706055,60.810001373291016,236900,0.0,0.0
2006-06-12 00:00:00-04:00,60.72999954223633,61.15999984741211,59.099998474121094,59.22999954223633,198600,0.0,0.0
2006-06-13 00:00:00-04:00,59.029998779296875,59.81999969482422,58.29999923706055,58.709999084472656,213200,0.0,0.0
2006-06-14 00:00:00-04:00,58.65999984741211,59.58000183105469,58.22999954223633,58.77000045776367,204200,0.0,0.0
2006-06-15 00:00:00-04:00,58.77000045776367,60.380001068115234,58.77000045776367,59.86000061035156,207500,0.0,0.0
2006-06-16 00:00:00-04:00,60.099998474121094,60.459999084472656,59.43000030517578,59.75,221300,0.0,0.0
2006-06-19 00:00:00-04:00,59.72999954223633,60.11000061035156,58.9900016784668,59.11000061035156,215400,0.0,0.0
2006-06-20 00:00:00-04:00,59.040000915527344,59.29999923706055,58.38999938964844,58.5,224100,0.0,0.0
2006-06-21 00:00:00-04:00,58.439998626708984,59.900001525878906,58.439998626708984,59.54999923706055,180400,0.0,0.0
2006-06-22 00:00:00-04:00,59.59000015258789,59.689998626708984,59.25,59.599998474121094,157300,0.0,0.0
2006-06-23 00:00:00-04:00,59.59000015258789,60.2400016784668,59.470001220703125,59.72999954223633,134200,0.0,0.0
2006-06-26 00:00:00-04:00,59.83000183105469,60.66999816894531,59.83000183105469,60.2400016784668,187500,0.0,0.0
2006-06-27 00:00:00-04:00,60.189998626708984,60.459999084472656,58.38999938964844,58.599998474121094,237700,0.0,0.0
2006-06-28 00:00:00-04:00,58.70000076293945,58.900001525878906,57.689998626708984,58.66999816894531,207000,0.0,0.0
2006-06-29 00:00:00-04:00,58.77000045776367,60.75,58.77000045776367,60.43000030517578,183200,0.0,0.0
2006-06-30 00:00:00-04:00,60.34000015258789,61.060001373291016,60.34000015258789,60.56999969482422,424600,0.0,0.0
2006-07-03 00:00:00-04:00,60.5,61.63999938964844,60.36000061035156,61.599998474121094,88500,0.0,0.0
2006-07-05 00:00:00-04:00,61.599998474121094,61.9900016784668,60.939998626708984,61.810001373291016,256900,0.0,0.0
2006-07-06 00:00:00-04:00,61.939998626708984,62.59000015258789,61.77000045776367,61.900001525878906,146600,0.0,0.0
2006-07-07 00:00:00-04:00,61.650001525878906,61.880001068115234,60.97999954223633,60.9900016784668,116600,0.0,0.0
2006-07-10 00:00:00-04:00,60.9900016784668,61.279998779296875,60.15999984741211,60.15999984741211,126300,0.0,0.0
2006-07-11 00:00:00-04:00,59.90999984741211,60.349998474121094,59.7599983215332,59.900001525878906,231800,0.0,0.0
2006-07-12 00:00:00-04:00,59.66999816894531,60.02000045776367,59.04999923706055,59.16999816894531,188500,0.0,0.0
2006-07-13 00:00:00-04:00,58.9900016784668,59.290000915527344,57.7400016784668,57.86000061035156,321500,0.0,0.0
2006-07-14 00:00:00-04:00,57.65999984741211,57.93000030517578,56.59000015258789,56.70000076293945,293700,0.0,0.0
2006-07-17 00:00:00-04:00,56.70000076293945,57.7400016784668,56.70000076293945,57.4900016784668,238800,0.0,0.0
2006-07-18 00:00:00-04:00,57.29999923706055,57.81999969482422,56.939998626708984,57.45000076293945,124400,0.0,0.0
2006-07-19 00:00:00-04:00,57.400001525878906,59.54999923706055,57.400001525878906,59.54999923706055,248300,0.0,0.0
2006-07-20 00:00:00-04:00,59.66999816894531,60.220001220703125,58.54999923706055,58.58000183105469,176700,0.0,0.0
2006-07-21 00:00:00-04:00,58.68000030517578,58.75,57.75,58.09000015258789,119800,0.0,0.0
2006-07-24 00:00:00-04:00,58.279998779296875,59.529998779296875,58.279998779296875,59.04999923706055,146300,0.0,0.0
2006-07-25 00:00:00-04:00,59.04999923706055,60.560001373291016,59.04999923706055,60.38999938964844,153100,0.0,0.0
2006-07-26 00:00:00-04:00,60.13999938964844,61.099998474121094,59.79999923706055,60.619998931884766,183800,0.0,0.0
2006-07-27 00:00:00-04:00,60.720001220703125,61.54999923706055,59.970001220703125,59.970001220703125,209100,0.0,0.0
2006-07-28 00:00:00-04:00,60.20000076293945,61.34000015258789,58.22999954223633,60.90999984741211,496000,0.0,0.0
2006-07-31 00:00:00-04:00,60.91999816894531,61.849998474121094,60.66999816894531,61.529998779296875,145400,0.0,0.0
2006-08-01 00:00:00-04:00,61.58000183105469,61.58000183105469,60.790000915527344,61.0,171100,0.0,0.0
2006-08-02 00:00:00-04:00,60.75,61.11000061035156,59.77000045776367,61.09000015258789,223700,0.0,0.0
2006-08-03 00:00:00-04:00,60.25,61.45000076293945,59.650001525878906,61.15999984741211,137900,0.0,0.0
2006-08-04 00:00:00-04:00,61.38999938964844,62.209999084472656,60.27000045776367,60.709999084472656,107300,0.0,0.0
2006-08-07 00:00:00-04:00,60.650001525878906,60.650001525878906,59.900001525878906,60.20000076293945,98400,0.0,0.0
2006-08-08 00:00:00-04:00,59.86000061035156,60.0,58.970001220703125,59.369998931884766,138300,0.0,0.0
2006-08-09 00:00:00-04:00,59.619998931884766,60.11000061035156,59.11000061035156,59.20000076293945,121500,0.0,0.0
2006-08-10 00:00:00-04:00,59.20000076293945,59.939998626708984,59.0,59.86000061035156,77600,0.0,0.0
2006-08-11 00:00:00-04:00,59.86000061035156,59.86000061035156,59.20000076293945,59.4900016784668,55300,0.0,0.0
2006-08-14 00:00:00-04:00,59.689998626708984,59.90999984741211,59.18000030517578,59.31999969482422,92000,0.0,0.0
2006-08-15 00:00:00-04:00,59.56999969482422,60.349998474121094,59.56999969482422,60.189998626708984,144000,0.0,0.0
2006-08-16 00:00:00-04:00,60.22999954223633,61.790000915527344,60.13999938964844,61.4900016784668,131300,0.0,0.0
2006-08-17 00:00:00-04:00,61.34000015258789,62.189998626708984,61.34000015258789,61.77000045776367,103800,0.0,0.0
2006-08-18 00:00:00-04:00,61.63999938964844,62.04999923706055,61.45000076293945,62.0099983215332,102200,0.0,0.0
2006-08-21 00:00:00-04:00,61.810001373291016,61.939998626708984,61.45000076293945,61.52000045776367,84900,0.0,0.0
2006-08-22 00:00:00-04:00,61.5,61.880001068115234,61.400001525878906,61.77000045776367,106800,0.0,0.0
2006-08-23 00:00:00-04:00,61.5,61.7400016784668,61.29999923706055,61.619998931884766,122800,0.0,0.0
2006-08-24 00:00:00-04:00,61.70000076293945,62.06999969482422,61.04999923706055,61.2599983215332,175500,0.0,0.0
2006-08-25 00:00:00-04:00,61.099998474121094,61.36000061035156,60.5099983215332,60.959999084472656,119600,0.0,0.0
2006-08-28 00:00:00-04:00,60.91999816894531,61.13999938964844,60.77000045776367,61.0,120400,0.0,0.0
2006-08-29 00:00:00-04:00,61.0,61.20000076293945,60.79999923706055,61.18000030517578,158200,0.0,0.0
2006-08-30 00:00:00-04:00,61.08000183105469,61.33000183105469,60.86000061035156,60.900001525878906,135600,0.0,0.0
2006-08-31 00:00:00-04:00,61.0,61.22999954223633,60.630001068115234,60.939998626708984,213200,0.0,0.0
2006-09-01 00:00:00-04:00,60.970001220703125,61.59000015258789,60.70000076293945,61.52000045776367,109000,0.0,0.0
2006-09-05 00:00:00-04:00,61.41999816894531,61.54999923706055,61.08000183105469,61.15999984741211,96500,0.0,0.0
2006-09-06 00:00:00-04:00,60.959999084472656,61.119998931884766,60.61000061035156,60.7400016784668,84700,0.0,0.0
2006-09-07 00:00:00-04:00,60.540000915527344,61.369998931884766,60.25,60.849998474121094,204900,0.0,0.0
2006-09-08 00:00:00-04:00,60.59000015258789,61.9900016784668,60.47999954223633,61.52000045776367,190600,0.0,0.0
2006-09-11 00:00:00-04:00,61.29999923706055,62.47999954223633,61.29999923706055,62.36000061035156,188100,0.0,0.0
2006-09-12 00:00:00-04:00,62.29999923706055,62.599998474121094,61.70000076293945,62.2400016784668,223300,0.0,0.0
2006-09-13 00:00:00-04:00,62.099998474121094,63.790000915527344,62.099998474121094,63.65999984741211,192700,0.0,0.0
2006-09-14 00:00:00-04:00,63.2599983215332,64.70999908447266,63.220001220703125,64.68000030517578,286900,0.0,0.0
2006-09-15 00:00:00-04:00,64.4800033569336,65.43000030517578,64.23999786376953,65.43000030517578,403500,0.0,0.0
2006-09-18 00:00:00-04:00,65.2300033569336,65.3499984741211,64.5999984741211,65.13999938964844,178800,0.0,0.0
2006-09-19 00:00:00-04:00,65.30999755859375,65.3499984741211,64.1500015258789,65.06999969482422,180500,0.0,0.0
2006-09-20 00:00:00-04:00,65.16000366210938,65.5999984741211,64.44000244140625,64.5,209000,0.0,0.0
2006-09-21 00:00:00-04:00,64.69999694824219,64.75,63.779998779296875,64.19999694824219,165700,0.0,0.0
2006-09-22 00:00:00-04:00,64.1500015258789,64.19999694824219,63.52000045776367,64.1500015258789,118300,0.0,0.0
2006-09-25 00:00:00-04:00,64.23999786376953,65.06999969482422,64.13999938964844,65.06999969482422,138900,0.0,0.0
2006-09-26 00:00:00-04:00,65.05999755859375,65.05999755859375,63.93000030517578,64.94000244140625,163700,0.0,0.0
2006-09-27 00:00:00-04:00,64.94000244140625,65.62999725341797,64.9000015258789,65.58999633789062,350500,0.0,0.0
2006-09-28 00:00:00-04:00,65.52999877929688,66.33999633789062,65.44000244140625,66.02999877929688,134400,0.0,0.0
2006-09-29 00:00:00-04:00,66.12999725341797,66.27999877929688,65.61000061035156,66.1500015258789,184700,0.0,0.0
2006-10-02 00:00:00-04:00,66.0,66.12000274658203,65.68000030517578,66.01000213623047,132400,0.0,0.0
2006-10-03 00:00:00-04:00,65.9000015258789,66.16000366210938,65.44000244140625,66.0,176700,0.0,0.0
2006-10-04 00:00:00-04:00,65.80999755859375,66.62000274658203,65.37000274658203,66.30000305175781,135600,0.0,0.0
2006-10-05 00:00:00-04:00,66.44999694824219,67.22000122070312,66.2300033569336,66.55000305175781,186300,0.0,0.0
2006-10-06 00:00:00-04:00,66.37999725341797,66.37999725341797,65.77999877929688,66.19000244140625,86100,0.0,0.0
2006-10-09 00:00:00-04:00,66.0999984741211,66.7699966430664,65.94999694824219,66.37000274658203,143200,0.0,0.0
2006-10-10 00:00:00-04:00,66.1500015258789,66.44999694824219,66.01000213623047,66.44999694824219,191900,0.0,0.0
2006-10-11 00:00:00-04:00,66.30000305175781,66.44999694824219,66.04000091552734,66.44999694824219,151200,0.0,0.0
2006-10-12 00:00:00-04:00,66.4000015258789,67.19000244140625,66.11000061035156,67.19000244140625,130100,0.0,0.0
2006-10-13 00:00:00-04:00,67.06999969482422,67.25,66.44000244140625,67.0,420500,0.0,0.0
2006-10-16 00:00:00-04:00,67.08999633789062,68.41000366210938,66.9800033569336,68.41000366210938,147600,0.0,0.0
2006-10-17 00:00:00-04:00,68.41000366210938,68.48999786376953,67.70999908447266,68.1500015258789,148100,0.0,0.0
2006-10-18 00:00:00-04:00,68.05999755859375,68.4000015258789,67.44000244140625,67.77999877929688,156300,0.0,0.0
2006-10-19 00:00:00-04:00,67.77999877929688,67.95999908447266,67.4000015258789,67.69000244140625,97900,0.0,0.0
2006-10-20 00:00:00-04:00,67.5999984741211,67.66999816894531,67.05000305175781,67.2300033569336,75600,0.0,0.0
2006-10-23 00:00:00-04:00,67.02999877929688,68.05999755859375,67.02999877929688,67.94000244140625,83600,0.0,0.0
2006-10-24 00:00:00-04:00,67.94000244140625,68.05000305175781,67.30999755859375,67.47000122070312,123100,0.0,0.0
2006-10-25 00:00:00-04:00,67.31999969482422,68.58000183105469,67.31999969482422,68.58000183105469,164200,0.0,0.0
2006-10-26 00:00:00-04:00,68.72000122070312,68.81999969482422,67.9800033569336,68.80999755859375,125300,0.0,0.0
2006-10-27 00:00:00-04:00,68.55999755859375,69.38999938964844,67.5999984741211,67.5999984741211,178400,0.0,0.0
2006-10-30 00:00:00-05:00,67.55000305175781,68.66999816894531,67.55000305175781,68.58999633789062,89300,0.0,0.0
2006-10-31 00:00:00-05:00,68.5,68.7300033569336,68.0999984741211,68.6500015258789,122000,0.0,0.0
2006-11-01 00:00:00-05:00,68.63999938964844,68.63999938964844,67.29000091552734,67.33999633789062,145700,0.0,0.0
2006-11-02 00:00:00-05:00,67.5,68.37999725341797,67.06999969482422,68.05999755859375,197500,0.0,0.0
2006-11-03 00:00:00-05:00,74.94999694824219,75.5999984741211,73.4000015258789,74.9000015258789,950700,0.0,0.0
2006-11-06 00:00:00-05:00,73.5999984741211,75.5,73.58999633789062,74.25,355000,0.0,0.0
2006-11-07 00:00:00-05:00,74.25,76.73999786376953,74.25,76.66999816894531,436400,0.0,0.0
2006-11-08 00:00:00-05:00,76.48999786376953,76.5,75.29000091552734,75.3499984741211,240900,0.0,0.0
2006-11-09 00:00:00-05:00,76.0,76.5,75.86000061035156,76.5,430100,0.0,0.0
2006-11-10 00:00:00-05:00,76.25,77.95999908447266,76.25,77.26000213623047,220600,0.0,0.0
2006-11-13 00:00:00-05:00,76.5999984741211,77.75,76.5999984741211,77.75,305200,0.0,0.0
2006-11-14 00:00:00-05:00,78.05000305175781,78.11000061035156,77.2699966430664,77.5,298400,0.0,0.0
2006-11-15 00:00:00-05:00,77.0999984741211,78.80999755859375,77.0999984741211,78.47000122070312,278900,0.0,0.0
2006-11-16 00:00:00-05:00,78.56999969482422,78.94999694824219,78.02999877929688,78.62000274658203,283000,0.0,0.0
2006-11-17 00:00:00-05:00,78.4000015258789,78.5999984741211,77.6500015258789,78.30000305175781,328400,0.0,0.0
2006-11-20 00:00:00-05:00,77.9000015258789,78.76000213623047,77.9000015258789,78.0999984741211,182800,0.0,0.0
2006-11-21 00:00:00-05:00,77.95999908447266,79.25,77.94999694824219,78.44999694824219,180900,0.0,0.0
2006-11-22 00:00:00-05:00,78.5999984741211,78.87000274658203,78.08000183105469,78.48999786376953,202300,0.0,0.0
2006-11-24 00:00:00-05:00,78.4800033569336,78.87999725341797,78.1500015258789,78.86000061035156,148900,0.0,0.0
2006-11-27 00:00:00-05:00,78.41000366210938,78.47000122070312,76.80999755859375,77.2300033569336,266300,0.0,0.0
2006-11-28 00:00:00-05:00,76.7300033569336,77.62000274658203,76.51000213623047,77.62000274658203,270400,0.0,0.0
2006-11-29 00:00:00-05:00,77.6500015258789,78.75,77.63999938964844,78.73999786376953,189100,0.0,0.0
2006-11-30 00:00:00-05:00,78.56999969482422,78.79000091552734,77.41999816894531,77.41999816894531,339600,0.0,0.0
2006-12-01 00:00:00-05:00,77.62999725341797,78.12999725341797,77.06999969482422,77.69999694824219,227100,0.0,0.0
2006-12-04 00:00:00-05:00,78.0,79.55000305175781,78.0,79.52999877929688,165400,0.0,0.0
2006-12-05 00:00:00-05:00,79.44999694824219,80.3499984741211,78.9000015258789,80.16000366210938,175400,0.0,0.0
2006-12-06 00:00:00-05:00,79.94999694824219,81.05000305175781,79.69999694824219,80.80000305175781,213300,0.0,0.0
2006-12-07 00:00:00-05:00,81.0,81.0,79.48999786376953,80.27999877929688,209600,0.0,0.0
2006-12-08 00:00:00-05:00,80.0999984741211,80.30999755859375,79.4000015258789,80.04000091552734,127200,0.0,0.0
2006-12-11 00:00:00-05:00,80.12000274658203,80.76000213623047,79.80000305175781,80.01000213623047,204800,0.0,0.0
2006-12-12 00:00:00-05:00,80.0199966430664,80.66000366210938,79.94999694824219,80.27999877929688,203200,0.0,0.0
2006-12-13 00:00:00-05:00,80.0,80.8499984741211,80.0,80.37000274658203,113700,0.0,0.0
2006-12-14 00:00:00-05:00,80.19999694824219,80.97000122070312,80.19000244140625,80.62999725341797,60800,0.0,0.0
2006-12-15 00:00:00-05:00,80.61000061035156,81.30999755859375,80.27999877929688,80.41000366210938,103000,0.0,0.0
2006-12-18 00:00:00-05:00,80.6500015258789,81.9800033569336,80.6500015258789,80.7699966430664,218800,0.0,0.0
2006-12-19 00:00:00-05:00,80.54000091552734,80.69999694824219,79.12000274658203,79.5999984741211,246600,0.0,0.0
2006-12-20 00:00:00-05:00,79.47000122070312,80.16999816894531,79.47000122070312,79.5,181300,0.0,0.0
2006-12-21 00:00:00-05:00,78.8499984741211,80.0,78.8499984741211,79.12999725341797,199600,0.0,0.0
2006-12-22 00:00:00-05:00,79.3499984741211,79.43000030517578,78.36000061035156,78.54000091552734,220800,0.0,0.0
2006-12-26 00:00:00-05:00,78.4000015258789,78.83999633789062,78.22000122070312,78.51000213623047,188100,0.0,0.0
2006-12-27 00:00:00-05:00,78.76000213623047,80.12999725341797,78.76000213623047,80.0199966430664,164400,0.0,0.0
2006-12-28 00:00:00-05:00,79.9000015258789,80.08000183105469,79.37999725341797,79.44999694824219,90900,0.0,0.0
2006-12-29 00:00:00-05:00,79.44000244140625,80.1500015258789,78.8499984741211,78.8499984741211,113400,0.0,0.0
2007-01-03 00:00:00-05:00,78.5999984741211,79.19000244140625,77.44999694824219,77.77999877929688,488600,0.0,0.0
2007-01-04 00:00:00-05:00,77.80000305175781,78.62000274658203,77.6500015258789,78.48999786376953,164300,0.0,0.0
2007-01-05 00:00:00-05:00,78.3499984741211,78.8499984741211,78.0,78.5199966430664,143600,0.0,0.0
2007-01-08 00:00:00-05:00,78.6500015258789,79.0,78.08999633789062,78.9000015258789,88500,0.0,0.0
2007-01-09 00:00:00-05:00,79.3499984741211,79.98999786376953,78.7300033569336,79.81999969482422,140200,0.0,0.0
2007-01-10 00:00:00-05:00,79.69999694824219,79.9800033569336,78.91000366210938,79.58999633789062,133400,0.0,0.0
2007-01-11 00:00:00-05:00,79.80000305175781,81.0,79.80000305175781,81.0,140800,0.0,0.0
2007-01-12 00:00:00-05:00,80.55999755859375,80.75,79.3499984741211,79.91000366210938,184200,0.0,0.0
2007-01-16 00:00:00-05:00,79.91000366210938,80.62999725341797,79.87999725341797,80.4800033569336,198000,0.0,0.0
2007-01-17 00:00:00-05:00,80.05000305175781,80.66999816894531,80.05000305175781,80.22000122070312,101200,0.0,0.0
2007-01-18 00:00:00-05:00,80.22000122070312,80.5999984741211,79.69999694824219,80.18000030517578,228000,0.0,0.0
2007-01-19 00:00:00-05:00,80.05000305175781,80.1500015258789,79.18000030517578,79.27999877929688,159900,0.0,0.0
2007-01-22 00:00:00-05:00,79.12999725341797,79.2300033569336,78.18000030517578,78.29000091552734,186000,0.0,0.0
2007-01-23 00:00:00-05:00,78.66000366210938,79.54000091552734,78.04000091552734,79.54000091552734,180600,0.0,0.0
2007-01-24 00:00:00-05:00,79.95999908447266,80.3499984741211,79.41000366210938,80.04000091552734,185800,0.0,0.0
2007-01-25 00:00:00-05:00,80.4000015258789,80.4000015258789,79.4000015258789,79.9800033569336,507300,0.0,0.0
2007-01-26 00:00:00-05:00,79.91999816894531,81.41999816894531,79.63999938964844,80.94000244140625,295000,0.0,0.0
2007-01-29 00:00:00-05:00,81.1500015258789,82.5999984741211,80.23999786376953,81.56999969482422,327000,0.0,0.0
2007-01-30 00:00:00-05:00,81.66999816894531,82.58000183105469,80.73999786376953,82.11000061035156,154600,0.0,0.0
2007-01-31 00:00:00-05:00,82.23999786376953,82.87999725341797,81.94000244140625,82.80000305175781,137900,0.0,0.0
2007-02-01 00:00:00-05:00,83.19000244140625,85.54000091552734,83.12000274658203,85.4800033569336,471700,0.0,0.0
2007-02-02 00:00:00-05:00,85.26000213623047,85.37000274658203,83.94999694824219,84.08999633789062,253800,0.0,0.0
2007-02-05 00:00:00-05:00,84.19999694824219,84.72000122070312,83.44000244140625,83.63999938964844,202700,0.0,0.0
2007-02-06 00:00:00-05:00,83.94999694824219,84.61000061035156,83.91999816894531,84.29000091552734,183800,0.0,0.0
2007-02-07 00:00:00-05:00,84.29000091552734,84.91999816894531,84.29000091552734,84.66000366210938,227400,0.0,0.0
2007-02-08 00:00:00-05:00,84.69000244140625,85.05000305175781,84.12000274658203,84.5999984741211,232400,0.0,0.0
2007-02-09 00:00:00-05:00,89.0,93.79000091552734,88.66000366210938,89.19999694824219,1150500,0.0,0.0
2007-02-12 00:00:00-05:00,88.69999694824219,89.75,87.45999908447266,87.69999694824219,358700,0.0,0.0
2007-02-13 00:00:00-05:00,87.6500015258789,89.58000183105469,87.55999755859375,88.0199966430664,230300,0.0,0.0
2007-02-14 00:00:00-05:00,88.26000213623047,89.58999633789062,87.95999908447266,89.4800033569336,357200,0.0,0.0
2007-02-15 00:00:00-05:00,89.73999786376953,90.94000244140625,89.29000091552734,90.66000366210938,534800,0.0,0.0
2007-02-16 00:00:00-05:00,90.19999694824219,90.44999694824219,89.20999908447266,89.61000061035156,166800,0.0,0.0
2007-02-20 00:00:00-05:00,89.61000061035156,90.05000305175781,89.12999725341797,89.80999755859375,275100,0.0,0.0
2007-02-21 00:00:00-05:00,89.98999786376953,91.12999725341797,89.75,90.5999984741211,352400,0.0,0.0
2007-02-22 00:00:00-05:00,90.19999694824219,90.76000213623047,89.80000305175781,90.16999816894531,231300,0.0,0.0
2007-02-23 00:00:00-05:00,90.5,90.69999694824219,89.55000305175781,89.91000366210938,339500,0.0,0.0
2007-02-26 00:00:00-05:00,90.2699966430664,90.5,89.37999725341797,89.41000366210938,194100,0.0,0.0
2007-02-27 00:00:00-05:00,88.91000366210938,88.91000366210938,85.44000244140625,86.26000213623047,244100,0.0,0.0
2007-02-28 00:00:00-05:00,86.45999908447266,87.22000122070312,86.36000061035156,86.36000061035156,225300,0.0,0.0
2007-03-01 00:00:00-05:00,85.0,86.30000305175781,84.0199966430664,85.88999938964844,245700,0.0,0.0
2007-03-02 00:00:00-05:00,85.6500015258789,86.44000244140625,84.22000122070312,84.95999908447266,234800,0.0,0.0
2007-03-05 00:00:00-05:00,83.75,86.29000091552734,83.58999633789062,84.98999786376953,358300,0.0,0.0
2007-03-06 00:00:00-05:00,86.44999694824219,87.48999786376953,86.19999694824219,87.18000030517578,267200,0.0,0.0
2007-03-07 00:00:00-05:00,87.18000030517578,87.5,86.3499984741211,87.11000061035156,201000,0.0,0.0
2007-03-08 00:00:00-05:00,87.80000305175781,87.9000015258789,86.0,86.44999694824219,184600,0.0,0.0
2007-03-09 00:00:00-05:00,86.69999694824219,87.55999755859375,86.37999725341797,86.8499984741211,137800,0.0,0.0
2007-03-12 00:00:00-04:00,86.5,88.61000061035156,86.5,88.26000213623047,185700,0.0,0.0
2007-03-13 00:00:00-04:00,87.58000183105469,88.62999725341797,87.0199966430664,87.30000305175781,215300,0.0,0.0
2007-03-14 00:00:00-04:00,87.55000305175781,88.05000305175781,86.62000274658203,87.0199966430664,178900,0.0,0.0
2007-03-15 00:00:00-04:00,87.19999694824219,88.36000061035156,87.02999877929688,88.20999908447266,134900,0.0,0.0
2007-03-16 00:00:00-04:00,88.30000305175781,88.51000213623047,87.72000122070312,88.19000244140625,121200,0.0,0.0
2007-03-19 00:00:00-04:00,88.44000244140625,89.5999984741211,88.2699966430664,89.51000213623047,219100,0.0,0.0
2007-03-20 00:00:00-04:00,89.01000213623047,89.87999725341797,88.95999908447266,89.44999694824219,168100,0.0,0.0
2007-03-21 00:00:00-04:00,89.69999694824219,91.11000061035156,89.1500015258789,91.08000183105469,197000,0.0,0.0
2007-03-22 00:00:00-04:00,89.19999694824219,91.08999633789062,89.19999694824219,91.01000213623047,151600,0.0,0.0
2007-03-23 00:00:00-04:00,90.80999755859375,91.80999755859375,90.69999694824219,91.47000122070312,104600,0.0,0.0
2007-03-26 00:00:00-04:00,91.5999984741211,91.87000274658203,90.5,91.61000061035156,131200,0.0,0.0
2007-03-27 00:00:00-04:00,90.75,91.18000030517578,90.06999969482422,90.83999633789062,193200,0.0,0.0
2007-03-28 00:00:00-04:00,90.0,91.0,89.25,89.95999908447266,134800,0.0,0.0
2007-03-29 00:00:00-04:00,90.16000366210938,90.3499984741211,88.86000061035156,89.0,337200,0.0,0.0
2007-03-30 00:00:00-04:00,88.80000305175781,89.75,88.80000305175781,89.56999969482422,301300,0.0,0.0
2007-04-02 00:00:00-04:00,89.5999984741211,90.4800033569336,89.5999984741211,89.94000244140625,213900,0.0,0.0
2007-04-03 00:00:00-04:00,90.0,90.58000183105469,89.88999938964844,90.08999633789062,331100,0.0,0.0
2007-04-04 00:00:00-04:00,90.0,91.20999908447266,89.93000030517578,91.20999908447266,335800,0.0,0.0
2007-04-05 00:00:00-04:00,91.36000061035156,92.80000305175781,91.36000061035156,92.68000030517578,181000,0.0,0.0
2007-04-09 00:00:00-04:00,92.5,93.12000274658203,91.69999694824219,92.30999755859375,184600,0.0,0.0
2007-04-10 00:00:00-04:00,92.43000030517578,93.26000213623047,92.1500015258789,93.16000366210938,140700,0.0,0.0
2007-04-11 00:00:00-04:00,93.0,93.3499984741211,92.55000305175781,93.06999969482422,169400,0.0,0.0
2007-04-12 00:00:00-04:00,93.2699966430664,93.37999725341797,92.61000061035156,93.13999938964844,124000,0.0,0.0
2007-04-13 00:00:00-04:00,93.25,93.7300033569336,92.91000366210938,93.6500015258789,134300,0.0,0.0
2007-04-16 00:00:00-04:00,94.5999984741211,94.98999786376953,93.95999908447266,93.95999908447266,209500,0.0,0.0
2007-04-17 00:00:00-04:00,94.0,94.48999786376953,93.58000183105469,94.23999786376953,164400,0.0,0.0
2007-04-18 00:00:00-04:00,94.16000366210938,94.37000274658203,94.01000213623047,94.20999908447266,63200,0.0,0.0
2007-04-19 00:00:00-04:00,94.20999908447266,94.20999908447266,93.44000244140625,93.7699966430664,112300,0.0,0.0
2007-04-20 00:00:00-04:00,94.0199966430664,94.8499984741211,94.0199966430664,94.8499984741211,111100,0.0,0.0
2007-04-23 00:00:00-04:00,94.5,95.69999694824219,94.12000274658203,95.45999908447266,171400,0.0,0.0
2007-04-24 00:00:00-04:00,95.37999725341797,95.4000015258789,94.56999969482422,94.83999633789062,178900,0.0,0.0
2007-04-25 00:00:00-04:00,95.08999633789062,95.76000213623047,94.79000091552734,95.33999633789062,241500,0.0,0.0
2007-04-26 00:00:00-04:00,95.58999633789062,96.08000183105469,95.37000274658203,95.48999786376953,168400,0.0,0.0
2007-04-27 00:00:00-04:00,98.0999984741211,101.87999725341797,97.70999908447266,100.7300033569336,878800,0.0,0.0
2007-04-30 00:00:00-04:00,99.69999694824219,99.9000015258789,97.16999816894531,97.62000274658203,442200,0.0,0.0
2007-05-01 00:00:00-04:00,97.62000274658203,97.69999694824219,96.87999725341797,97.5999984741211,254500,0.0,0.0
2007-05-02 00:00:00-04:00,97.55000305175781,99.83000183105469,97.55000305175781,99.20999908447266,255300,0.0,0.0
2007-05-03 00:00:00-04:00,98.9800033569336,100.27999877929688,98.16999816894531,99.80000305175781,404800,0.0,0.0
2007-05-04 00:00:00-04:00,99.55000305175781,100.93000030517578,99.55000305175781,100.36000061035156,101200,0.0,0.0
2007-05-07 00:00:00-04:00,100.19999694824219,100.6500015258789,99.87999725341797,100.22000122070312,94500,0.0,0.0
2007-05-08 00:00:00-04:00,100.13999938964844,100.48999786376953,99.08999633789062,100.30999755859375,85400,0.0,0.0
2007-05-09 00:00:00-04:00,100.0999984741211,100.98999786376953,99.61000061035156,100.4800033569336,140700,0.0,0.0
2007-05-10 00:00:00-04:00,100.4800033569336,100.4800033569336,98.75,98.86000061035156,84100,0.0,0.0
2007-05-11 00:00:00-04:00,98.30000305175781,99.19999694824219,98.0,99.0,128000,0.0,0.0
2007-05-14 00:00:00-04:00,98.69999694824219,99.73999786376953,98.41000366210938,98.72000122070312,116200,0.0,0.0
2007-05-15 00:00:00-04:00,98.41999816894531,99.27999877929688,97.80999755859375,97.91999816894531,98900,0.0,0.0
2007-05-16 00:00:00-04:00,97.91000366210938,98.55999755859375,97.56999969482422,98.0,104100,0.0,0.0
2007-05-17 00:00:00-04:00,97.75,98.0,97.55000305175781,97.58000183105469,82500,0.0,0.0
2007-05-18 00:00:00-04:00,97.62000274658203,98.58000183105469,96.81999969482422,97.97000122070312,389100,0.0,0.0
2007-05-21 00:00:00-04:00,97.30000305175781,99.29000091552734,97.0,98.73999786376953,169900,0.0,0.0
2007-05-22 00:00:00-04:00,98.9000015258789,99.79000091552734,98.33000183105469,99.5999984741211,142100,0.0,0.0
2007-05-23 00:00:00-04:00,99.8499984741211,100.55000305175781,99.06999969482422,99.12999725341797,386200,0.0,0.0
2007-05-24 00:00:00-04:00,98.5,99.2699966430664,97.54000091552734,97.7300033569336,137100,0.0,0.0
2007-05-25 00:00:00-04:00,97.9800033569336,98.80999755859375,97.58999633789062,98.58999633789062,122700,0.0,0.0
2007-05-29 00:00:00-04:00,98.33999633789062,99.44000244140625,97.94999694824219,98.56999969482422,125800,0.0,0.0
2007-05-30 00:00:00-04:00,97.9000015258789,99.08999633789062,97.38999938964844,98.72000122070312,122000,0.0,0.0
2007-05-31 00:00:00-04:00,98.72000122070312,98.88999938964844,98.0,98.30000305175781,188000,0.0,0.0
2007-06-01 00:00:00-04:00,98.55000305175781,99.19000244140625,98.25,98.88999938964844,172300,0.0,0.0
2007-06-04 00:00:00-04:00,98.9000015258789,100.02999877929688,98.88999938964844,100.02999877929688,218100,0.0,0.0
2007-06-05 00:00:00-04:00,100.0,101.80999755859375,99.61000061035156,101.76000213623047,217500,0.0,0.0
2007-06-06 00:00:00-04:00,100.76000213623047,100.8499984741211,99.70999908447266,99.79000091552734,142300,0.0,0.0
2007-06-07 00:00:00-04:00,99.79000091552734,99.91999816894531,98.30999755859375,98.79000091552734,182100,0.0,0.0
2007-06-08 00:00:00-04:00,98.2699966430664,98.94999694824219,97.19999694824219,98.91999816894531,183900,0.0,0.0
2007-06-11 00:00:00-04:00,98.72000122070312,98.91000366210938,98.30000305175781,98.5199966430664,166500,0.0,0.0
2007-06-12 00:00:00-04:00,98.4000015258789,98.48999786376953,97.48999786376953,98.12999725341797,250100,0.0,0.0
2007-06-13 00:00:00-04:00,97.93000030517578,98.5199966430664,97.51000213623047,98.05999755859375,508700,0.0,0.0
2007-06-14 00:00:00-04:00,97.9000015258789,99.06999969482422,97.9000015258789,98.5199966430664,169400,0.0,0.0
2007-06-15 00:00:00-04:00,98.5999984741211,98.5999984741211,98.16999816894531,98.38999938964844,248200,0.0,0.0
2007-06-18 00:00:00-04:00,98.44000244140625,98.75,97.19999694824219,97.56999969482422,194800,0.0,0.0
2007-06-19 00:00:00-04:00,97.0,97.23999786376953,95.62000274658203,96.83999633789062,154800,0.0,0.0
2007-06-20 00:00:00-04:00,96.8499984741211,96.94999694824219,94.83999633789062,95.05000305175781,213400,0.0,0.0
2007-06-21 00:00:00-04:00,93.68000030517578,94.95999908447266,93.25,94.83000183105469,326600,0.0,0.0
2007-06-22 00:00:00-04:00,94.0,95.30999755859375,93.93000030517578,94.33000183105469,182600,0.0,0.0
2007-06-25 00:00:00-04:00,94.0,96.12999725341797,93.81999969482422,94.41000366210938,149600,0.0,0.0
2007-06-26 00:00:00-04:00,94.63999938964844,96.38999938964844,94.23999786376953,95.0199966430664,210000,0.0,0.0
2007-06-27 00:00:00-04:00,95.02999877929688,95.83999633789062,94.66000366210938,95.55000305175781,155100,0.0,0.0
2007-06-28 00:00:00-04:00,95.75,96.22000122070312,95.36000061035156,95.4800033569336,132000,0.0,0.0
2007-06-29 00:00:00-04:00,95.23999786376953,96.44999694824219,95.02999877929688,95.51000213623047,149900,0.0,0.0
2007-07-02 00:00:00-04:00,95.9000015258789,96.87999725341797,95.33999633789062,95.7300033569336,169400,0.0,0.0
2007-07-03 00:00:00-04:00,96.0,96.7699966430664,96.0,96.55999755859375,72600,0.0,0.0
2007-07-05 00:00:00-04:00,96.76000213623047,96.76000213623047,95.4800033569336,95.94000244140625,118900,0.0,0.0
2007-07-06 00:00:00-04:00,96.30000305175781,98.31999969482422,96.13999938964844,97.70999908447266,199400,0.0,0.0
2007-07-09 00:00:00-04:00,97.91000366210938,98.20999908447266,97.44999694824219,98.20999908447266,119300,0.0,0.0
2007-07-10 00:00:00-04:00,98.05999755859375,98.30000305175781,96.80000305175781,96.94999694824219,220000,0.0,0.0
2007-07-11 00:00:00-04:00,97.19999694824219,98.43000030517578,97.19999694824219,97.9000015258789,132600,0.0,0.0
2007-07-12 00:00:00-04:00,98.2300033569336,98.73999786376953,97.81999969482422,98.30999755859375,257100,0.0,0.0
2007-07-13 00:00:00-04:00,98.51000213623047,98.98999786376953,98.16000366210938,98.51000213623047,74500,0.0,0.0
2007-07-16 00:00:00-04:00,98.48999786376953,99.58000183105469,98.20999908447266,99.0,159500,0.0,0.0
2007-07-17 00:00:00-04:00,98.69999694824219,99.19000244140625,98.54000091552734,98.80000305175781,118700,0.0,0.0
2007-07-18 00:00:00-04:00,98.3499984741211,98.3499984741211,97.0,97.72000122070312,306600,0.0,0.0
2007-07-19 00:00:00-04:00,97.30000305175781,98.94999694824219,97.0199966430664,98.33000183105469,245600,0.0,0.0
2007-07-20 00:00:00-04:00,98.45999908447266,98.45999908447266,97.06999969482422,97.06999969482422,147700,0.0,0.0
2007-07-23 00:00:00-04:00,97.2699966430664,99.19999694824219,97.2699966430664,98.47000122070312,200400,0.0,0.0
2007-07-24 00:00:00-04:00,98.0,99.0999984741211,97.51000213623047,98.23999786376953,262400,0.0,0.0
2007-07-25 00:00:00-04:00,98.6500015258789,100.23999786376953,97.87999725341797,97.87999725341797,318400,0.0,0.0
2007-07-26 00:00:00-04:00,97.0,97.0,94.58999633789062,95.16000366210938,437200,0.0,0.0
2007-07-27 00:00:00-04:00,96.5,98.55999755859375,95.29000091552734,95.37999725341797,418300,0.0,0.0
2007-07-30 00:00:00-04:00,95.68000030517578,96.41000366210938,94.66999816894531,95.43000030517578,305800,0.0,0.0
2007-07-31 00:00:00-04:00,95.4800033569336,96.0,94.68000030517578,95.16000366210938,298800,0.0,0.0
2007-08-01 00:00:00-04:00,94.9000015258789,95.69999694824219,94.05999755859375,95.08999633789062,137500,0.0,0.0
2007-08-02 00:00:00-04:00,95.0,96.41999816894531,95.0,95.91999816894531,250400,0.0,0.0
2007-08-03 00:00:00-04:00,95.75,96.22000122070312,93.4800033569336,94.11000061035156,202300,0.0,0.0
2007-08-06 00:00:00-04:00,94.22000122070312,94.8499984741211,92.0999984741211,94.66999816894531,343600,0.0,0.0
2007-08-07 00:00:00-04:00,94.30000305175781,95.2699966430664,91.36000061035156,93.51000213623047,363100,0.0,0.0
2007-08-08 00:00:00-04:00,93.05000305175781,93.18000030517578,89.33000183105469,91.70999908447266,866800,0.0,0.0
2007-08-09 00:00:00-04:00,90.80999755859375,91.83999633789062,84.55999755859375,86.58999633789062,1055500,0.0,0.0
2007-08-10 00:00:00-04:00,86.58999633789062,92.08000183105469,84.62000274658203,90.33999633789062,633700,0.0,0.0
2007-08-13 00:00:00-04:00,92.25,95.77999877929688,90.83000183105469,92.4000015258789,531900,0.0,0.0
2007-08-14 00:00:00-04:00,92.80000305175781,95.48999786376953,92.55999755859375,93.20999908447266,291600,0.0,0.0
2007-08-15 00:00:00-04:00,93.37999725341797,93.93000030517578,91.5999984741211,91.76000213623047,220300,0.0,0.0
2007-08-16 00:00:00-04:00,91.0,91.6500015258789,88.37999725341797,89.72000122070312,374600,0.0,0.0
2007-08-17 00:00:00-04:00,90.08999633789062,92.7300033569336,89.66999816894531,91.5999984741211,388800,0.0,0.0
2007-08-20 00:00:00-04:00,91.80000305175781,93.2699966430664,91.22000122070312,92.94000244140625,248200,0.0,0.0
2007-08-21 00:00:00-04:00,92.94000244140625,94.5,92.55999755859375,93.98999786376953,258200,0.0,0.0
2007-08-22 00:00:00-04:00,93.68000030517578,95.37000274658203,93.66000366210938,94.33999633789062,244800,0.0,0.0
2007-08-23 00:00:00-04:00,94.30000305175781,95.69000244140625,94.22000122070312,95.5,365200,0.0,0.0
2007-08-24 00:00:00-04:00,94.91999816894531,97.26000213623047,94.3499984741211,96.9800033569336,336800,0.0,0.0
2007-08-27 00:00:00-04:00,96.5999984741211,97.38999938964844,95.87999725341797,96.12999725341797,231700,0.0,0.0
2007-08-28 00:00:00-04:00,95.69999694824219,96.51000213623047,94.30999755859375,94.62000274658203,198800,0.0,0.0
2007-08-29 00:00:00-04:00,94.73999786376953,95.13999938964844,93.31999969482422,94.23999786376953,268000,0.0,0.0
2007-08-30 00:00:00-04:00,93.5,94.55000305175781,92.72000122070312,93.47000122070312,270900,0.0,0.0
2007-08-31 00:00:00-04:00,94.0,94.87999725341797,93.48999786376953,94.30999755859375,217600,0.0,0.0
2007-09-04 00:00:00-04:00,93.91999816894531,95.69000244140625,93.75,95.06999969482422,174100,0.0,0.0
2007-09-05 00:00:00-04:00,94.8499984741211,95.75,94.20999908447266,95.05000305175781,246600,0.0,0.0
2007-09-06 00:00:00-04:00,95.48999786376953,97.4000015258789,95.4800033569336,96.13999938964844,276000,0.0,0.0
2007-09-07 00:00:00-04:00,95.69999694824219,97.05000305175781,95.55000305175781,95.83999633789062,219400,0.0,0.0
2007-09-10 00:00:00-04:00,96.0,96.29000091552734,93.87000274658203,94.37999725341797,254500,0.0,0.0
2007-09-11 00:00:00-04:00,94.69999694824219,96.0,94.3499984741211,95.70999908447266,212100,0.0,0.0
2007-09-12 00:00:00-04:00,94.9000015258789,96.95999908447266,94.77999877929688,95.95999908447266,141300,0.0,0.0
2007-09-13 00:00:00-04:00,96.13999938964844,96.79000091552734,95.44000244140625,95.91000366210938,123500,0.0,0.0
2007-09-14 00:00:00-04:00,95.88999938964844,96.73999786376953,95.31999969482422,96.0199966430664,80800,0.0,0.0
2007-09-17 00:00:00-04:00,95.80000305175781,96.41000366210938,95.4000015258789,96.30000305175781,123800,0.0,0.0
2007-09-18 00:00:00-04:00,96.23999786376953,98.58999633789062,96.23999786376953,98.3499984741211,138900,0.0,0.0
2007-09-19 00:00:00-04:00,98.41999816894531,100.20999908447266,98.36000061035156,99.69999694824219,299700,0.0,0.0
2007-09-20 00:00:00-04:00,99.66999816894531,100.0999984741211,99.0,99.6500015258789,151700,0.0,0.0
2007-09-21 00:00:00-04:00,99.88999938964844,100.2300033569336,99.23999786376953,99.5,215400,0.0,0.0
2007-09-24 00:00:00-04:00,99.5,100.0999984741211,99.08000183105469,99.61000061035156,230400,0.0,0.0
2007-09-25 00:00:00-04:00,99.05999755859375,100.97000122070312,98.97000122070312,100.45999908447266,178500,0.0,0.0
2007-09-26 00:00:00-04:00,100.94999694824219,104.38999938964844,100.94999694824219,103.08000183105469,547900,0.0,0.0
2007-09-27 00:00:00-04:00,103.5,104.0,102.83999633789062,103.19000244140625,288300,0.0,0.0
2007-09-28 00:00:00-04:00,103.0,103.0999984741211,101.66000366210938,102.0,121300,0.0,0.0
2007-10-01 00:00:00-04:00,102.25,104.16000366210938,102.25,103.52999877929688,178400,0.0,0.0
2007-10-02 00:00:00-04:00,103.27999877929688,103.66999816894531,101.6500015258789,102.66000366210938,160200,0.0,0.0
2007-10-03 00:00:00-04:00,102.66000366210938,102.91000366210938,101.73999786376953,102.31999969482422,169100,0.0,0.0
2007-10-04 00:00:00-04:00,102.05000305175781,103.93000030517578,101.88999938964844,102.69000244140625,195500,0.0,0.0
2007-10-05 00:00:00-04:00,103.25,105.38999938964844,103.25,105.05000305175781,200400,0.0,0.0
2007-10-08 00:00:00-04:00,105.4000015258789,105.8499984741211,104.75,105.0,135400,0.0,0.0
2007-10-09 00:00:00-04:00,105.5,106.25,104.70999908447266,106.04000091552734,122100,0.0,0.0
2007-10-10 00:00:00-04:00,106.05000305175781,106.37000274658203,103.9800033569336,105.45999908447266,107100,0.0,0.0
2007-10-11 00:00:00-04:00,106.1500015258789,106.16999816894531,102.62000274658203,103.44999694824219,135300,0.0,0.0
2007-10-12 00:00:00-04:00,104.0999984741211,105.91000366210938,104.08000183105469,105.58000183105469,147500,0.0,0.0
2007-10-15 00:00:00-04:00,106.19999694824219,106.19999694824219,104.22000122070312,104.81999969482422,177000,0.0,0.0
2007-10-16 00:00:00-04:00,104.1500015258789,105.08000183105469,104.1500015258789,104.77999877929688,190600,0.0,0.0
2007-10-17 00:00:00-04:00,105.20999908447266,105.91000366210938,104.55000305175781,104.87000274658203,164500,0.0,0.0
2007-10-18 00:00:00-04:00,104.9000015258789,105.61000061035156,104.36000061035156,105.13999938964844,123800,0.0,0.0
2007-10-19 00:00:00-04:00,105.16999816894531,105.5999984741211,104.44999694824219,104.88999938964844,252600,0.0,0.0
2007-10-22 00:00:00-04:00,103.7699966430664,104.9800033569336,102.69999694824219,104.83999633789062,254500,0.0,0.0
2007-10-23 00:00:00-04:00,105.5,108.75,105.5,108.11000061035156,189400,0.0,0.0
2007-10-24 00:00:00-04:00,107.55000305175781,109.93000030517578,107.04000091552734,109.75,258000,0.0,0.0
2007-10-25 00:00:00-04:00,109.3499984741211,109.7300033569336,108.0199966430664,108.37999725341797,247500,0.0,0.0
2007-10-26 00:00:00-04:00,109.19999694824219,110.0,108.16000366210938,108.69999694824219,195100,0.0,0.0
2007-10-29 00:00:00-04:00,109.30000305175781,109.62999725341797,107.69999694824219,107.87999725341797,278900,0.0,0.0
2007-10-30 00:00:00-04:00,108.25,109.0,106.93000030517578,106.93000030517578,314400,0.0,0.0
2007-10-31 00:00:00-04:00,106.93000030517578,107.5999984741211,105.51000213623047,106.3499984741211,318800,0.0,0.0
2007-11-01 00:00:00-04:00,105.3499984741211,106.5,103.75,105.11000061035156,261800,0.0,0.0
2007-11-02 00:00:00-04:00,115.0,119.25,110.87999725341797,112.5199966430664,716800,0.0,0.0
2007-11-05 00:00:00-05:00,110.38999938964844,112.37000274658203,106.9000015258789,111.80999755859375,537500,0.0,0.0
2007-11-06 00:00:00-05:00,112.80999755859375,116.73999786376953,112.0999984741211,116.27999877929688,433500,0.0,0.0
2007-11-07 00:00:00-05:00,115.30000305175781,116.08000183105469,111.54000091552734,112.08000183105469,554700,0.0,0.0
2007-11-08 00:00:00-05:00,112.8499984741211,114.0,112.19999694824219,113.19999694824219,244400,0.0,0.0
2007-11-09 00:00:00-05:00,112.4000015258789,112.98999786376953,109.91000366210938,109.91000366210938,367200,0.0,0.0
2007-11-12 00:00:00-05:00,110.91999816894531,114.45999908447266,108.87999725341797,112.69999694824219,370700,0.0,0.0
2007-11-13 00:00:00-05:00,114.44999694824219,116.75,112.06999969482422,116.54000091552734,560800,0.0,0.0
2007-11-14 00:00:00-05:00,115.36000061035156,117.29000091552734,115.36000061035156,116.1500015258789,254500,0.0,0.0
2007-11-15 00:00:00-05:00,115.66999816894531,116.80000305175781,115.0,115.55000305175781,284300,0.0,0.0
2007-11-16 00:00:00-05:00,115.95999908447266,117.12999725341797,114.31999969482422,116.69000244140625,437100,0.0,0.0
2007-11-19 00:00:00-05:00,115.16999816894531,115.69999694824219,111.68000030517578,112.4000015258789,515400,0.0,0.0
2007-11-20 00:00:00-05:00,112.18000030517578,114.66000366210938,112.18000030517578,113.5999984741211,344700,0.0,0.0
2007-11-21 00:00:00-05:00,111.6500015258789,112.55000305175781,110.63999938964844,110.93000030517578,366000,0.0,0.0
2007-11-23 00:00:00-05:00,111.0199966430664,113.68000030517578,111.0199966430664,113.30000305175781,93700,0.0,0.0
2007-11-26 00:00:00-05:00,112.69999694824219,113.58000183105469,111.93000030517578,112.62999725341797,411600,0.0,0.0
2007-11-27 00:00:00-05:00,113.5999984741211,116.73999786376953,113.41000366210938,116.5999984741211,376500,0.0,0.0
2007-11-28 00:00:00-05:00,117.16999816894531,119.19000244140625,116.41999816894531,117.83000183105469,256800,0.0,0.0
2007-11-29 00:00:00-05:00,116.9000015258789,118.45999908447266,115.38999938964844,117.58999633789062,209700,0.0,0.0
2007-11-30 00:00:00-05:00,118.5,118.77999877929688,115.87000274658203,116.36000061035156,193400,0.0,0.0
2007-12-03 00:00:00-05:00,116.08000183105469,117.27999877929688,115.6500015258789,115.80000305175781,269600,0.0,0.0
2007-12-04 00:00:00-05:00,115.19999694824219,117.69000244140625,114.1500015258789,116.27999877929688,341600,0.0,0.0
2007-12-05 00:00:00-05:00,116.30000305175781,118.4000015258789,116.30000305175781,117.23999786376953,319700,0.0,0.0
2007-12-06 00:00:00-05:00,117.7699966430664,118.55000305175781,117.12999725341797,118.44999694824219,246000,0.0,0.0
2007-12-07 00:00:00-05:00,118.4000015258789,119.52999877929688,116.19999694824219,118.43000030517578,183300,0.0,0.0
2007-12-10 00:00:00-05:00,119.0,119.83999633789062,118.30999755859375,118.54000091552734,234800,0.0,0.0
2007-12-11 00:00:00-05:00,119.30000305175781,119.30000305175781,114.08999633789062,114.6500015258789,339800,0.0,0.0
2007-12-12 00:00:00-05:00,115.13999938964844,116.75,113.61000061035156,114.5,242700,0.0,0.0
2007-12-13 00:00:00-05:00,114.13999938964844,115.77999877929688,114.13999938964844,115.38999938964844,167400,0.0,0.0
2007-12-14 00:00:00-05:00,112.73999786376953,114.61000061035156,111.72000122070312,113.08000183105469,330600,0.0,0.0
2007-12-17 00:00:00-05:00,113.08000183105469,113.08999633789062,110.22000122070312,111.45999908447266,334000,0.0,0.0
2007-12-18 00:00:00-05:00,112.2300033569336,112.87999725341797,110.6500015258789,111.26000213623047,308200,0.0,0.0
2007-12-19 00:00:00-05:00,110.48999786376953,113.97000122070312,110.31999969482422,113.33999633789062,272400,0.0,0.0
2007-12-20 00:00:00-05:00,114.3499984741211,115.02999877929688,112.27999877929688,114.93000030517578,259000,0.0,0.0
2007-12-21 00:00:00-05:00,116.25,116.91000366210938,114.20999908447266,115.37999725341797,179900,0.0,0.0
2007-12-24 00:00:00-05:00,115.9000015258789,116.5999984741211,115.62000274658203,115.9000015258789,56900,0.0,0.0
2007-12-26 00:00:00-05:00,116.0999984741211,117.94000244140625,115.98999786376953,117.41999816894531,118200,0.0,0.0
2007-12-27 00:00:00-05:00,117.0999984741211,117.4000015258789,114.83999633789062,114.8499984741211,121200,0.0,0.0
2007-12-28 00:00:00-05:00,114.87999725341797,115.68000030517578,114.72000122070312,115.29000091552734,88300,0.0,0.0
2007-12-31 00:00:00-05:00,115.27999877929688,115.76000213623047,113.0999984741211,113.80000305175781,136400,0.0,0.0
2008-01-02 00:00:00-05:00,113.30999755859375,115.0999984741211,111.43000030517578,112.0999984741211,275900,0.0,0.0
2008-01-03 00:00:00-05:00,112.87999725341797,113.55000305175781,111.5999984741211,112.37000274658203,272600,0.0,0.0
2008-01-04 00:00:00-05:00,110.95999908447266,111.27999877929688,108.44999694824219,108.70999908447266,259700,0.0,0.0
2008-01-07 00:00:00-05:00,109.3499984741211,113.73999786376953,109.0999984741211,111.93000030517578,457500,0.0,0.0
2008-01-08 00:00:00-05:00,112.80000305175781,112.9000015258789,109.3499984741211,109.51000213623047,342400,0.0,0.0
2008-01-09 00:00:00-05:00,108.54000091552734,110.5199966430664,108.0,108.55000305175781,341500,0.0,0.0
2008-01-10 00:00:00-05:00,108.33999633789062,110.33000183105469,108.33999633789062,109.5,652400,0.0,0.0
2008-01-11 00:00:00-05:00,109.05000305175781,110.20999908447266,108.0,108.69000244140625,336800,0.0,0.0
2008-01-14 00:00:00-05:00,109.9000015258789,110.58999633789062,108.94000244140625,110.0199966430664,397500,0.0,0.0
2008-01-15 00:00:00-05:00,108.25,110.2699966430664,108.22000122070312,108.30999755859375,373900,0.0,0.0
2008-01-16 00:00:00-05:00,108.3499984741211,109.5199966430664,106.16999816894531,108.16999816894531,689700,0.0,0.0
2008-01-17 00:00:00-05:00,108.25,109.2699966430664,103.52999877929688,104.30000305175781,577600,0.0,0.0
2008-01-18 00:00:00-05:00,104.30999755859375,104.76000213623047,99.08999633789062,100.88999938964844,565700,0.0,0.0
2008-01-22 00:00:00-05:00,95.5,97.62999725341797,94.69000244140625,95.93000030517578,755300,0.0,0.0
2008-01-23 00:00:00-05:00,94.5,95.70999908447266,92.91000366210938,95.27999877929688,762100,0.0,0.0
2008-01-24 00:00:00-05:00,96.44999694824219,99.4000015258789,94.9000015258789,95.66000366210938,986400,0.0,0.0
2008-01-25 00:00:00-05:00,95.62999725341797,97.29000091552734,94.80999755859375,95.43000030517578,427800,0.0,0.0
2008-01-28 00:00:00-05:00,94.69999694824219,96.08000183105469,94.33000183105469,95.9800033569336,252700,0.0,0.0
2008-01-29 00:00:00-05:00,96.0,96.22000122070312,95.27999877929688,95.52999877929688,265500,0.0,0.0
2008-01-30 00:00:00-05:00,95.5,98.44000244140625,95.02999877929688,97.66000366210938,462700,0.0,0.0
2008-01-31 00:00:00-05:00,97.16000366210938,100.16000366210938,96.1500015258789,99.5199966430664,574900,0.0,0.0
2008-02-01 00:00:00-05:00,99.69999694824219,100.8499984741211,98.5999984741211,99.11000061035156,341500,0.0,0.0
2008-02-04 00:00:00-05:00,98.4000015258789,100.0999984741211,98.27999877929688,99.4000015258789,310000,0.0,0.0
2008-02-05 00:00:00-05:00,96.91999816894531,97.16000366210938,95.62999725341797,95.70999908447266,417800,0.0,0.0
2008-02-06 00:00:00-05:00,96.19999694824219,100.75,95.88999938964844,98.80000305175781,904200,0.0,0.0
2008-02-07 00:00:00-05:00,97.88999938964844,102.62999725341797,96.72000122070312,100.05000305175781,781200,0.0,0.0
2008-02-08 00:00:00-05:00,107.69999694824219,107.75,104.0199966430664,105.20999908447266,1584300,0.0,0.0
2008-02-11 00:00:00-05:00,105.20999908447266,105.95999908447266,104.05999755859375,104.77999877929688,332100,0.0,0.0
2008-02-12 00:00:00-05:00,104.98999786376953,105.87999725341797,104.51000213623047,104.66000366210938,216600,0.0,0.0
2008-02-13 00:00:00-05:00,105.0,106.5,105.0,106.29000091552734,165500,0.0,0.0
2008-02-14 00:00:00-05:00,106.44999694824219,107.69000244140625,104.94999694824219,105.12999725341797,273400,0.0,0.0
2008-02-15 00:00:00-05:00,104.55000305175781,105.05000305175781,101.69999694824219,104.37000274658203,455600,0.0,0.0
2008-02-19 00:00:00-05:00,106.7300033569336,107.30000305175781,104.0999984741211,104.56999969482422,367400,0.0,0.0
2008-02-20 00:00:00-05:00,104.37999725341797,104.37999725341797,102.69999694824219,103.5199966430664,407500,0.0,0.0
2008-02-21 00:00:00-05:00,104.3499984741211,105.2300033569336,102.48999786376953,102.91999816894531,252600,0.0,0.0
2008-02-22 00:00:00-05:00,102.33000183105469,103.91000366210938,100.94999694824219,102.30000305175781,301100,0.0,0.0
2008-02-25 00:00:00-05:00,102.95999908447266,104.55000305175781,101.66000366210938,104.11000061035156,241200,0.0,0.0
2008-02-26 00:00:00-05:00,103.5999984741211,104.44000244140625,102.77999877929688,103.26000213623047,196600,0.0,0.0
2008-02-27 00:00:00-05:00,102.27999877929688,103.66999816894531,101.30999755859375,101.87000274658203,250700,0.0,0.0
2008-02-28 00:00:00-05:00,100.87000274658203,101.0999984741211,100.26000213623047,100.52999877929688,218200,0.0,0.0
2008-02-29 00:00:00-05:00,100.0,100.3499984741211,97.26000213623047,97.69999694824219,290200,0.0,0.0
2008-03-03 00:00:00-05:00,97.8499984741211,99.36000061035156,97.69999694824219,99.33999633789062,254300,0.0,0.0
2008-03-04 00:00:00-05:00,99.0999984741211,99.0999984741211,96.1500015258789,96.5199966430664,319000,0.0,0.0
2008-03-05 00:00:00-05:00,96.75,96.83000183105469,95.12000274658203,96.04000091552734,387100,0.0,0.0
2008-03-06 00:00:00-05:00,96.75,97.06999969482422,95.6500015258789,96.0,249900,0.0,0.0
2008-03-07 00:00:00-05:00,95.70999908447266,96.16999816894531,92.63999938964844,93.5999984741211,379800,0.0,0.0
2008-03-10 00:00:00-04:00,94.0999984741211,94.0999984741211,91.01000213623047,91.19000244140625,202700,0.0,0.0
2008-03-11 00:00:00-04:00,93.0,93.62999725341797,89.55999755859375,90.37999725341797,507900,0.0,0.0
2008-03-12 00:00:00-04:00,90.27999877929688,91.23999786376953,89.61000061035156,90.12999725341797,536600,0.0,0.0
2008-03-13 00:00:00-04:00,89.0,90.87000274658203,88.69999694824219,90.51000213623047,306700,0.0,0.0
2008-03-14 00:00:00-04:00,91.75,91.98999786376953,89.1500015258789,89.55999755859375,287100,0.0,0.0
2008-03-17 00:00:00-04:00,87.01000213623047,88.98999786376953,86.26000213623047,87.51000213623047,358000,0.0,0.0
2008-03-18 00:00:00-04:00,88.30000305175781,92.66000366210938,88.2300033569336,92.52999877929688,513700,0.0,0.0
2008-03-19 00:00:00-04:00,93.3499984741211,97.05999755859375,93.3499984741211,94.94999694824219,639900,0.0,0.0
2008-03-20 00:00:00-04:00,95.19999694824219,95.7300033569336,93.62999725341797,94.1500015258789,346500,0.0,0.0
2008-03-24 00:00:00-04:00,94.9000015258789,96.68000030517578,94.66999816894531,96.18000030517578,188200,0.0,0.0
2008-03-25 00:00:00-04:00,96.18000030517578,98.2699966430664,95.02999877929688,96.70999908447266,281000,0.0,0.0
2008-03-26 00:00:00-04:00,95.75,96.33000183105469,95.19999694824219,95.80999755859375,215300,0.0,0.0
2008-03-27 00:00:00-04:00,96.44999694824219,96.73999786376953,95.38999938964844,95.5,214300,0.0,0.0
2008-03-28 00:00:00-04:00,96.0,96.7699966430664,95.13999938964844,95.30000305175781,144700,0.0,0.0
2008-03-31 00:00:00-04:00,95.73999786376953,97.5999984741211,95.73999786376953,97.12000274658203,248400,0.0,0.0
2008-04-01 00:00:00-04:00,98.12999725341797,99.25,97.37000274658203,98.98999786376953,232900,0.0,0.0
2008-04-02 00:00:00-04:00,99.19999694824219,99.93000030517578,97.86000061035156,99.16999816894531,374200,0.0,0.0
2008-04-03 00:00:00-04:00,99.0999984741211,99.98999786376953,98.33000183105469,99.2300033569336,224800,0.0,0.0
2008-04-04 00:00:00-04:00,99.2300033569336,100.80000305175781,99.19000244140625,99.5199966430664,136600,0.0,0.0
2008-04-07 00:00:00-04:00,99.66999816894531,100.33999633789062,98.30999755859375,99.26000213623047,181600,0.0,0.0
2008-04-08 00:00:00-04:00,99.0999984741211,99.63999938964844,98.30999755859375,99.43000030517578,183700,0.0,0.0
2008-04-09 00:00:00-04:00,98.80000305175781,99.4800033569336,97.8499984741211,99.13999938964844,286800,0.0,0.0
2008-04-10 00:00:00-04:00,98.80000305175781,99.43000030517578,97.66999816894531,99.18000030517578,133500,0.0,0.0
2008-04-11 00:00:00-04:00,98.62999725341797,98.69000244140625,96.83000183105469,97.4000015258789,170900,0.0,0.0
2008-04-14 00:00:00-04:00,97.55000305175781,98.13999938964844,96.0999984741211,96.83999633789062,151800,0.0,0.0
2008-04-15 00:00:00-04:00,94.9000015258789,96.75,92.37999725341797,96.48999786376953,625600,0.0,0.0
2008-04-16 00:00:00-04:00,97.6500015258789,99.19000244140625,97.13999938964844,98.23999786376953,376600,0.0,0.0
2008-04-17 00:00:00-04:00,97.95999908447266,98.5199966430664,96.9800033569336,98.27999877929688,135400,0.0,0.0
2008-04-18 00:00:00-04:00,99.66999816894531,100.6500015258789,98.94000244140625,100.55999755859375,155400,0.0,0.0
2008-04-21 00:00:00-04:00,100.56999969482422,101.88999938964844,100.43000030517578,101.08999633789062,240400,0.0,0.0
2008-04-22 00:00:00-04:00,101.08999633789062,101.5999984741211,99.29000091552734,99.4000015258789,262000,0.0,0.0
2008-04-23 00:00:00-04:00,98.94999694824219,102.30000305175781,98.69000244140625,102.1500015258789,346300,0.0,0.0
2008-04-24 00:00:00-04:00,101.52999877929688,103.47000122070312,99.23999786376953,102.87999725341797,409500,0.0,0.0
2008-04-25 00:00:00-04:00,105.5,105.75,96.01000213623047,102.97000122070312,1359000,0.0,0.0
2008-04-28 00:00:00-04:00,102.69999694824219,104.0199966430664,101.05000305175781,102.01000213623047,382600,0.0,0.0
2008-04-29 00:00:00-04:00,101.45999908447266,101.45999908447266,98.56999969482422,99.26000213623047,406000,0.0,0.0
2008-04-30 00:00:00-04:00,98.86000061035156,99.3499984741211,94.23999786376953,95.26000213623047,619300,0.0,0.0
2008-05-01 00:00:00-04:00,95.75,97.47000122070312,94.19999694824219,97.12000274658203,289900,0.0,0.0
2008-05-02 00:00:00-04:00,97.5,98.31999969482422,96.72000122070312,97.87000274658203,452700,0.0,0.0
2008-05-05 00:00:00-04:00,97.25,98.16000366210938,96.5199966430664,97.30000305175781,368400,0.0,0.0
2008-05-06 00:00:00-04:00,97.48999786376953,98.30999755859375,96.94999694824219,97.5199966430664,356600,0.0,0.0
2008-05-07 00:00:00-04:00,97.9000015258789,98.37999725341797,97.5,97.70999908447266,292600,0.0,0.0
2008-05-08 00:00:00-04:00,97.69999694824219,97.83000183105469,96.5199966430664,97.4800033569336,193800,0.0,0.0
2008-05-09 00:00:00-04:00,97.4800033569336,97.4800033569336,96.08999633789062,97.05000305175781,136900,0.0,0.0
2008-05-12 00:00:00-04:00,96.87000274658203,97.08000183105469,95.54000091552734,96.98999786376953,266000,0.0,0.0
2008-05-13 00:00:00-04:00,97.30000305175781,98.8499984741211,97.12999725341797,97.72000122070312,287700,0.0,0.0
2008-05-14 00:00:00-04:00,97.80000305175781,100.12000274658203,97.55999755859375,99.16000366210938,382100,0.0,0.0
2008-05-15 00:00:00-04:00,99.4000015258789,99.97000122070312,98.2300033569336,99.05000305175781,279800,0.0,0.0
2008-05-16 00:00:00-04:00,99.75,101.48999786376953,99.41000366210938,101.3499984741211,261100,0.0,0.0
2008-05-19 00:00:00-04:00,101.73999786376953,101.73999786376953,100.81999969482422,101.05000305175781,308800,0.0,0.0
2008-05-20 00:00:00-04:00,100.75,101.12999725341797,99.61000061035156,100.43000030517578,257800,0.0,0.0
2008-05-21 00:00:00-04:00,100.25,101.47000122070312,100.19000244140625,100.41000366210938,266600,0.0,0.0
2008-05-22 00:00:00-04:00,100.2699966430664,101.55000305175781,99.94000244140625,101.2699966430664,191500,0.0,0.0
2008-05-23 00:00:00-04:00,101.0,101.43000030517578,100.44000244140625,100.91999816894531,206700,0.0,0.0
2008-05-27 00:00:00-04:00,100.5,102.91000366210938,99.83000183105469,102.66000366210938,251300,0.0,0.0
2008-05-28 00:00:00-04:00,103.05000305175781,104.44000244140625,102.5999984741211,104.1500015258789,295700,0.0,0.0
2008-05-29 00:00:00-04:00,104.44999694824219,104.55999755859375,102.58000183105469,103.33999633789062,276000,0.0,0.0
2008-05-30 00:00:00-04:00,103.5,103.69999694824219,102.29000091552734,103.69999694824219,329100,0.0,0.0
2008-06-02 00:00:00-04:00,103.91999816894531,104.2300033569336,101.48999786376953,103.86000061035156,375800,0.0,0.0
2008-06-03 00:00:00-04:00,104.52999877929688,104.80999755859375,100.94999694824219,101.13999938964844,500500,0.0,0.0
2008-06-04 00:00:00-04:00,100.26000213623047,102.80000305175781,99.94999694824219,102.37999725341797,350100,0.0,0.0
2008-06-05 00:00:00-04:00,103.0,103.7300033569336,101.27999877929688,103.66000366210938,254200,0.0,0.0
2008-06-06 00:00:00-04:00,103.51000213623047,103.51000213623047,100.68000030517578,100.83000183105469,188000,0.0,0.0
2008-06-09 00:00:00-04:00,101.1500015258789,101.29000091552734,99.4000015258789,99.87999725341797,282000,0.0,0.0
2008-06-10 00:00:00-04:00,99.77999877929688,100.05999755859375,98.62000274658203,99.7699966430664,240000,0.0,0.0
2008-06-11 00:00:00-04:00,100.0,101.0,98.37000274658203,98.55999755859375,281500,0.0,0.0
2008-06-12 00:00:00-04:00,98.33999633789062,100.3499984741211,98.22000122070312,99.37000274658203,188300,0.0,0.0
2008-06-13 00:00:00-04:00,99.48999786376953,106.0,99.48999786376953,105.01000213623047,362300,0.0,0.0
2008-06-16 00:00:00-04:00,103.72000122070312,105.0,103.62000274658203,104.0,361700,0.0,0.0
2008-06-17 00:00:00-04:00,104.83000183105469,104.94999694824219,103.18000030517578,103.25,294300,0.0,0.0
2008-06-18 00:00:00-04:00,103.11000061035156,103.47000122070312,101.44999694824219,101.62999725341797,194000,0.0,0.0
2008-06-19 00:00:00-04:00,101.94000244140625,102.19000244140625,100.6500015258789,101.76000213623047,301800,0.0,0.0
2008-06-20 00:00:00-04:00,101.30000305175781,101.44999694824219,98.94000244140625,99.9800033569336,245100,0.0,0.0
2008-06-23 00:00:00-04:00,99.76000213623047,99.98999786376953,98.62999725341797,99.30000305175781,179500,0.0,0.0
2008-06-24 00:00:00-04:00,98.3499984741211,98.3499984741211,95.69999694824219,97.19999694824219,387900,0.0,0.0
2008-06-25 00:00:00-04:00,97.30000305175781,98.13999938964844,96.69999694824219,97.37000274658203,253800,0.0,0.0
2008-06-26 00:00:00-04:00,97.26000213623047,97.26000213623047,95.97000122070312,95.9800033569336,278400,0.0,0.0
2008-06-27 00:00:00-04:00,95.66999816894531,96.3499984741211,93.81999969482422,94.05000305175781,365700,0.0,0.0
2008-06-30 00:00:00-04:00,94.66999816894531,95.38999938964844,93.01000213623047,94.86000061035156,277600,0.0,0.0
2008-07-01 00:00:00-04:00,94.88999938964844,96.66999816894531,94.2699966430664,96.51000213623047,534000,0.0,0.0
2008-07-02 00:00:00-04:00,97.0,97.12000274658203,95.55000305175781,96.08999633789062,266200,0.0,0.0
2008-07-03 00:00:00-04:00,96.29000091552734,96.72000122070312,94.6500015258789,95.29000091552734,273100,0.0,0.0
2008-07-07 00:00:00-04:00,96.0999984741211,96.3499984741211,94.44999694824219,95.4000015258789,255000,0.0,0.0
2008-07-08 00:00:00-04:00,95.0,95.94999694824219,94.26000213623047,95.5999984741211,314000,0.0,0.0
2008-07-09 00:00:00-04:00,96.0999984741211,96.8499984741211,93.66000366210938,93.81999969482422,293300,0.0,0.0
2008-07-10 00:00:00-04:00,92.80999755859375,94.0199966430664,92.08999633789062,93.54000091552734,361900,0.0,0.0
2008-07-11 00:00:00-04:00,93.02999877929688,93.69000244140625,92.5,93.16999816894531,409600,0.0,0.0
2008-07-14 00:00:00-04:00,94.4800033569336,94.86000061035156,91.61000061035156,92.5999984741211,262900,0.0,0.0
2008-07-15 00:00:00-04:00,92.4800033569336,93.52999877929688,91.29000091552734,92.94999694824219,856800,0.0,0.0
2008-07-16 00:00:00-04:00,93.47000122070312,94.62000274658203,93.1500015258789,94.29000091552734,449000,0.0,0.0
2008-07-17 00:00:00-04:00,94.38999938964844,95.97000122070312,94.38999938964844,95.79000091552734,328500,0.0,0.0
2008-07-18 00:00:00-04:00,96.16999816894531,98.66000366210938,95.83000183105469,98.18000030517578,337500,0.0,0.0
2008-07-21 00:00:00-04:00,98.06999969482422,98.70999908447266,97.62000274658203,98.27999877929688,118500,0.0,0.0
2008-07-22 00:00:00-04:00,98.27999877929688,101.36000061035156,98.20999908447266,100.75,269000,0.0,0.0
2008-07-23 00:00:00-04:00,100.44000244140625,100.6500015258789,99.44999694824219,99.83000183105469,262600,0.0,0.0
2008-07-24 00:00:00-04:00,100.25,101.18000030517578,98.11000061035156,98.69999694824219,537600,0.0,0.0
2008-07-25 00:00:00-04:00,102.45999908447266,108.94000244140625,101.88999938964844,108.79000091552734,1405300,0.0,0.0
2008-07-28 00:00:00-04:00,107.95999908447266,109.48999786376953,106.26000213623047,106.58000183105469,512700,0.0,0.0
2008-07-29 00:00:00-04:00,107.6500015258789,109.20999908447266,107.25,108.56999969482422,482500,0.0,0.0
2008-07-30 00:00:00-04:00,109.91999816894531,110.2699966430664,108.12000274658203,109.16000366210938,292400,0.0,0.0
2008-07-31 00:00:00-04:00,108.43000030517578,109.52999877929688,107.37999725341797,107.51000213623047,471600,0.0,0.0
2008-08-01 00:00:00-04:00,108.0999984741211,109.0,106.61000061035156,107.5,326400,0.0,0.0
2008-08-04 00:00:00-04:00,108.0,108.2699966430664,106.27999877929688,107.12999725341797,261700,0.0,0.0
2008-08-05 00:00:00-04:00,107.0,108.08000183105469,106.0199966430664,107.94999694824219,344600,0.0,0.0
2008-08-06 00:00:00-04:00,107.93000030517578,109.44999694824219,107.76000213623047,109.0,485000,0.0,0.0
2008-08-07 00:00:00-04:00,108.9000015258789,108.9000015258789,107.4800033569336,107.94000244140625,319300,0.0,0.0
2008-08-08 00:00:00-04:00,107.43000030517578,109.58999633789062,106.75,109.0,271600,0.0,0.0
2008-08-11 00:00:00-04:00,108.11000061035156,108.7699966430664,107.45999908447266,108.0,198700,0.0,0.0
2008-08-12 00:00:00-04:00,107.05000305175781,107.05000305175781,104.62999725341797,105.58000183105469,421500,0.0,0.0
2008-08-13 00:00:00-04:00,105.48999786376953,107.1500015258789,104.51000213623047,106.62999725341797,194900,0.0,0.0
2008-08-14 00:00:00-04:00,106.41999816894531,107.4000015258789,105.19999694824219,107.19000244140625,231900,0.0,0.0
2008-08-15 00:00:00-04:00,107.8499984741211,108.98999786376953,107.20999908447266,107.68000030517578,186200,0.0,0.0
2008-08-18 00:00:00-04:00,108.80000305175781,109.1500015258789,107.3499984741211,107.91999816894531,206300,0.0,0.0
2008-08-19 00:00:00-04:00,107.75,107.75,105.48999786376953,106.04000091552734,260500,0.0,0.0
2008-08-20 00:00:00-04:00,106.30000305175781,106.87000274658203,105.80000305175781,106.06999969482422,141600,0.0,0.0
2008-08-21 00:00:00-04:00,105.19999694824219,106.38999938964844,105.08000183105469,105.62000274658203,173200,0.0,0.0
2008-08-22 00:00:00-04:00,105.70999908447266,106.83000183105469,105.30000305175781,106.31999969482422,110400,0.0,0.0
2008-08-25 00:00:00-04:00,106.25,106.86000061035156,105.43000030517578,106.18000030517578,203900,0.0,0.0
2008-08-26 00:00:00-04:00,105.25,106.22000122070312,103.7699966430664,104.0,212200,0.0,0.0
2008-08-27 00:00:00-04:00,103.6500015258789,105.16000366210938,103.5,104.88999938964844,167900,0.0,0.0
2008-08-28 00:00:00-04:00,105.0,105.72000122070312,104.81999969482422,105.55000305175781,90700,0.0,0.0
2008-08-29 00:00:00-04:00,105.72000122070312,105.7300033569336,104.01000213623047,105.19999694824219,150200,0.0,0.0
2008-09-02 00:00:00-04:00,105.69999694824219,106.88999938964844,105.30000305175781,105.87000274658203,313800,0.0,0.0
2008-09-03 00:00:00-04:00,106.27999877929688,106.77999877929688,104.06999969482422,104.16999816894531,402000,0.0,0.0
2008-09-04 00:00:00-04:00,104.0,104.63999938964844,100.08999633789062,101.48999786376953,631900,0.0,0.0
2008-09-05 00:00:00-04:00,101.44999694824219,101.44999694824219,98.08999633789062,101.13999938964844,388100,0.0,0.0
2008-09-08 00:00:00-04:00,103.18000030517578,103.26000213623047,101.72000122070312,102.91000366210938,224800,0.0,0.0
2008-09-09 00:00:00-04:00,103.30999755859375,103.4000015258789,100.95999908447266,101.25,317600,0.0,0.0
2008-09-10 00:00:00-04:00,102.22000122070312,102.22000122070312,99.80999755859375,100.66999816894531,245600,0.0,0.0
2008-09-11 00:00:00-04:00,99.41000366210938,101.79000091552734,98.4800033569336,101.66999816894531,253800,0.0,0.0
2008-09-12 00:00:00-04:00,101.0,102.41000366210938,100.0999984741211,102.1500015258789,190900,0.0,0.0
2008-09-15 00:00:00-04:00,99.7300033569336,102.4000015258789,99.69000244140625,100.05000305175781,242300,0.0,0.0
2008-09-16 00:00:00-04:00,99.38999938964844,100.76000213623047,97.18000030517578,100.61000061035156,294700,0.0,0.0
2008-09-17 00:00:00-04:00,99.30000305175781,99.30000305175781,95.16000366210938,98.58000183105469,545300,0.0,0.0
2008-09-18 00:00:00-04:00,100.0999984741211,101.73999786376953,95.05000305175781,101.4000015258789,460000,0.0,0.0
2008-09-19 00:00:00-04:00,96.73999786376953,104.20999908447266,96.73999786376953,103.88999938964844,678900,0.0,0.0
2008-09-22 00:00:00-04:00,103.5,104.8499984741211,100.22000122070312,100.30999755859375,227000,0.0,0.0
2008-09-23 00:00:00-04:00,99.80000305175781,100.02999877929688,97.97000122070312,98.16999816894531,180600,0.0,0.0
2008-09-24 00:00:00-04:00,98.80000305175781,98.80000305175781,96.4800033569336,98.16999816894531,176100,0.0,0.0
2008-09-25 00:00:00-04:00,98.62000274658203,101.58999633789062,98.26000213623047,100.7699966430664,467400,0.0,0.0
2008-09-26 00:00:00-04:00,100.0,101.83000183105469,97.80999755859375,100.9800033569336,254900,0.0,0.0
2008-09-29 00:00:00-04:00,100.0,100.0,95.16000366210938,96.05999755859375,365200,0.0,0.0
2008-09-30 00:00:00-04:00,96.75,98.0,94.87000274658203,98.0,260200,0.0,0.0
2008-10-01 00:00:00-04:00,97.83999633789062,98.62000274658203,96.55000305175781,98.33000183105469,288900,0.0,0.0
2008-10-02 00:00:00-04:00,97.86000061035156,97.86000061035156,90.80999755859375,91.52999877929688,435100,0.0,0.0
2008-10-03 00:00:00-04:00,91.91999816894531,93.4800033569336,90.36000061035156,90.38999938964844,329500,0.0,0.0
2008-10-06 00:00:00-04:00,88.18000030517578,88.52999877929688,82.68000030517578,87.61000061035156,713000,0.0,0.0
2008-10-07 00:00:00-04:00,88.0,88.66999816894531,81.52999877929688,82.4000015258789,577400,0.0,0.0
2008-10-08 00:00:00-04:00,80.66999816894531,83.56999969482422,79.12999725341797,81.12000274658203,760400,0.0,0.0
2008-10-09 00:00:00-04:00,81.04000091552734,85.79000091552734,79.06999969482422,79.69000244140625,673700,0.0,0.0
2008-10-10 00:00:00-04:00,76.2300033569336,82.05000305175781,72.3499984741211,81.20999908447266,770200,0.0,0.0
2008-10-13 00:00:00-04:00,83.16000366210938,85.62000274658203,83.16000366210938,84.77999877929688,180700,0.0,0.0
2008-10-14 00:00:00-04:00,86.5,87.76000213623047,83.38999938964844,85.1500015258789,550300,0.0,0.0
2008-10-15 00:00:00-04:00,84.81999969482422,84.81999969482422,79.5999984741211,79.5999984741211,496500,0.0,0.0
2008-10-16 00:00:00-04:00,80.5,82.62999725341797,76.48999786376953,82.62999725341797,510400,0.0,0.0
2008-10-17 00:00:00-04:00,81.19000244140625,84.48999786376953,81.19000244140625,81.88999938964844,275300,0.0,0.0
2008-10-20 00:00:00-04:00,81.87000274658203,83.06999969482422,81.08000183105469,83.06999969482422,254900,0.0,0.0
2008-10-21 00:00:00-04:00,82.69999694824219,84.87999725341797,82.08999633789062,83.19000244140625,423700,0.0,0.0
2008-10-22 00:00:00-04:00,81.4000015258789,81.4000015258789,76.06999969482422,77.54000091552734,264800,0.0,0.0
2008-10-23 00:00:00-04:00,77.54000091552734,77.62000274658203,71.18000030517578,74.01000213623047,651600,0.0,0.0
2008-10-24 00:00:00-04:00,72.02999877929688,73.37999725341797,71.01000213623047,71.77999877929688,321200,0.0,0.0
2008-10-27 00:00:00-04:00,71.69999694824219,71.69999694824219,69.16999816894531,69.27999877929688,443000,0.0,0.0
2008-10-28 00:00:00-04:00,70.0,71.62999725341797,68.22000122070312,71.4000015258789,311800,0.0,0.0
2008-10-29 00:00:00-04:00,71.26000213623047,75.81999969482422,70.93000030517578,74.02999877929688,259400,0.0,0.0
2008-10-30 00:00:00-04:00,75.5999984741211,77.41999816894531,74.18000030517578,77.41999816894531,208300,0.0,0.0
2008-10-31 00:00:00-04:00,76.5999984741211,78.44000244140625,75.6500015258789,76.54000091552734,388500,0.0,0.0
2008-11-03 00:00:00-05:00,77.26000213623047,79.30999755859375,77.18000030517578,78.6500015258789,217000,0.0,0.0
2008-11-04 00:00:00-05:00,80.63999938964844,83.22000122070312,80.43000030517578,82.55999755859375,379900,0.0,0.0
2008-11-05 00:00:00-05:00,81.98999786376953,82.91000366210938,78.2300033569336,78.30999755859375,220500,0.0,0.0
2008-11-06 00:00:00-05:00,78.45999908447266,79.13999938964844,72.91999816894531,73.69000244140625,390200,0.0,0.0
2008-11-07 00:00:00-05:00,75.45999908447266,78.77999877929688,72.95999908447266,76.0,1204500,0.0,0.0
2008-11-10 00:00:00-05:00,77.5,79.93000030517578,77.5,78.33999633789062,416500,0.0,0.0
2008-11-11 00:00:00-05:00,78.25,78.98999786376953,76.94000244140625,77.91999816894531,756100,0.0,0.0
2008-11-12 00:00:00-05:00,76.5,76.72000122070312,73.4800033569336,74.19999694824219,589900,0.0,0.0
2008-11-13 00:00:00-05:00,72.72000122070312,80.80999755859375,72.37999725341797,80.23999786376953,720600,0.0,0.0
2008-11-14 00:00:00-05:00,79.0,79.47000122070312,75.43000030517578,75.58000183105469,363800,0.0,0.0
2008-11-17 00:00:00-05:00,75.0,75.79000091552734,73.19999694824219,74.4800033569336,437100,0.0,0.0
2008-11-18 00:00:00-05:00,75.12000274658203,75.12000274658203,71.0999984741211,73.55000305175781,498800,0.0,0.0
2008-11-19 00:00:00-05:00,73.55000305175781,74.47000122070312,66.38999938964844,66.55000305175781,741000,0.0,0.0
2008-11-20 00:00:00-05:00,65.41000366210938,66.16000366210938,60.2599983215332,60.63999938964844,722600,0.0,0.0
2008-11-21 00:00:00-05:00,62.13999938964844,66.12999725341797,61.70000076293945,65.75,676600,0.0,0.0
2008-11-24 00:00:00-05:00,66.79000091552734,70.66999816894531,65.80999755859375,69.91999816894531,385400,0.0,0.0
2008-11-25 00:00:00-05:00,71.45999908447266,72.9800033569336,69.77999877929688,71.56999969482422,1312600,0.0,0.0
2008-11-26 00:00:00-05:00,73.41999816894531,79.26000213623047,73.41999816894531,79.0999984741211,1225500,0.0,0.0
2008-11-28 00:00:00-05:00,79.75,82.30000305175781,79.0999984741211,82.25,540800,0.0,0.0
2008-12-01 00:00:00-05:00,79.9000015258789,80.08999633789062,73.55999755859375,76.30000305175781,5412500,0.0,0.0
2008-12-02 00:00:00-05:00,77.37000274658203,78.08000183105469,72.6500015258789,74.05000305175781,991500,0.0,0.0
2008-12-03 00:00:00-05:00,72.13999938964844,75.68000030517578,72.04000091552734,75.55000305175781,639100,0.0,0.0
2008-12-04 00:00:00-05:00,74.0999984741211,76.02999877929688,70.44999694824219,71.26000213623047,805100,0.0,0.0
2008-12-05 00:00:00-05:00,70.48999786376953,72.51000213623047,67.11000061035156,72.13999938964844,1300500,0.0,0.0
2008-12-08 00:00:00-05:00,75.1500015258789,77.94999694824219,75.0,76.16999816894531,601600,0.0,0.0
2008-12-09 00:00:00-05:00,75.68000030517578,77.0,74.36000061035156,74.62000274658203,423000,0.0,0.0
2008-12-10 00:00:00-05:00,74.69999694824219,77.22000122070312,74.0999984741211,75.16000366210938,363700,0.0,0.0
2008-12-11 00:00:00-05:00,73.95999908447266,76.27999877929688,73.5,73.86000061035156,488200,0.0,0.0
2008-12-12 00:00:00-05:00,68.01000213623047,73.87000274658203,67.27999877929688,71.22000122070312,1326700,0.0,0.0
2008-12-15 00:00:00-05:00,71.20999908447266,71.5199966430664,68.81999969482422,69.63999938964844,721600,0.0,0.0
2008-12-16 00:00:00-05:00,70.12000274658203,71.2300033569336,68.58000183105469,70.55000305175781,1157100,0.0,0.0
2008-12-17 00:00:00-05:00,69.37000274658203,71.23999786376953,68.94999694824219,69.9800033569336,947900,0.0,0.0
2008-12-18 00:00:00-05:00,70.44999694824219,71.16000366210938,68.16999816894531,68.86000061035156,945000,0.0,0.0
2008-12-19 00:00:00-05:00,68.25,69.98999786376953,67.75,68.01000213623047,899000,0.0,0.0
2008-12-22 00:00:00-05:00,68.68000030517578,68.81999969482422,65.4000015258789,66.56999969482422,761600,0.0,0.0
2008-12-23 00:00:00-05:00,66.41000366210938,66.7300033569336,63.689998626708984,64.9000015258789,836500,0.0,0.0
2008-12-24 00:00:00-05:00,64.58000183105469,65.51000213623047,64.1500015258789,65.41000366210938,278500,0.0,0.0
2008-12-26 00:00:00-05:00,65.5199966430664,65.81999969482422,64.66000366210938,65.76000213623047,192200,0.0,0.0
2008-12-29 00:00:00-05:00,66.23999786376953,66.66000366210938,65.04000091552734,65.5999984741211,428100,0.0,0.0
2008-12-30 00:00:00-05:00,65.83000183105469,66.87000274658203,65.7300033569336,66.79000091552734,382700,0.0,0.0
2008-12-31 00:00:00-05:00,67.37000274658203,68.05000305175781,67.06999969482422,67.4000015258789,262300,0.0,0.0
2009-01-02 00:00:00-05:00,67.25,68.04000091552734,66.12000274658203,67.81999969482422,600800,0.0,0.0
2009-01-05 00:00:00-05:00,67.62000274658203,67.98999786376953,66.51000213623047,67.47000122070312,418800,0.0,0.0
2009-01-06 00:00:00-05:00,67.80000305175781,69.98999786376953,67.77999877929688,69.69999694824219,735900,0.0,0.0
2009-01-07 00:00:00-05:00,68.69999694824219,69.30999755859375,67.58999633789062,68.33000183105469,558000,0.0,0.0
2009-01-08 00:00:00-05:00,67.54000091552734,67.79000091552734,66.11000061035156,67.0999984741211,607700,0.0,0.0
2009-01-09 00:00:00-05:00,67.0199966430664,67.0199966430664,64.87999725341797,65.88999938964844,566000,0.0,0.0
2009-01-12 00:00:00-05:00,69.0,71.7300033569336,66.69999694824219,67.43000030517578,883900,0.0,0.0
2009-01-13 00:00:00-05:00,67.75,69.97000122070312,67.41999816894531,69.87000274658203,863300,0.0,0.0
2009-01-14 00:00:00-05:00,69.5,69.5,67.66999816894531,68.41000366210938,1012500,0.0,0.0
2009-01-15 00:00:00-05:00,68.4000015258789,70.5,66.9800033569336,70.3499984741211,825700,0.0,0.0
2009-01-16 00:00:00-05:00,71.3499984741211,71.68000030517578,68.5199966430664,70.26000213623047,486700,0.0,0.0
2009-01-20 00:00:00-05:00,70.05999755859375,70.30999755859375,67.33999633789062,67.56999969482422,456300,0.0,0.0
2009-01-21 00:00:00-05:00,68.41999816894531,69.86000061035156,67.44000244140625,69.7300033569336,421800,0.0,0.0
2009-01-22 00:00:00-05:00,68.56999969482422,69.1500015258789,66.9000015258789,67.87999725341797,388400,0.0,0.0
2009-01-23 00:00:00-05:00,63.25,67.18000030517578,61.13999938964844,65.58000183105469,855200,0.0,0.0
2009-01-26 00:00:00-05:00,65.54000091552734,67.2699966430664,65.4000015258789,66.45999908447266,313400,0.0,0.0
2009-01-27 00:00:00-05:00,66.44999694824219,67.69000244140625,65.87000274658203,67.27999877929688,244400,0.0,0.0
2009-01-28 00:00:00-05:00,68.37999725341797,70.13999938964844,68.26000213623047,69.30000305175781,417500,0.0,0.0
2009-01-29 00:00:00-05:00,68.69999694824219,68.69999694824219,67.33999633789062,68.52999877929688,258400,0.0,0.0
2009-01-30 00:00:00-05:00,68.55000305175781,68.95999908447266,65.19999694824219,66.58000183105469,589900,0.0,0.0
2009-02-02 00:00:00-05:00,65.97000122070312,67.91000366210938,65.41000366210938,67.0,754700,0.0,0.0
2009-02-03 00:00:00-05:00,67.5999984741211,68.66000366210938,66.2699966430664,68.2300033569336,568700,0.0,0.0
2009-02-04 00:00:00-05:00,68.06999969482422,70.5199966430664,68.06999969482422,69.77999877929688,729900,0.0,0.0
2009-02-05 00:00:00-05:00,69.02999877929688,70.44000244140625,68.25,69.44000244140625,428300,0.0,0.0
2009-02-06 00:00:00-05:00,59.38999938964844,63.880001068115234,58.61000061035156,62.959999084472656,4024000,0.0,0.0
2009-02-09 00:00:00-05:00,62.540000915527344,63.63999938964844,61.560001373291016,63.38999938964844,732200,0.0,0.0
2009-02-10 00:00:00-05:00,63.150001525878906,64.30999755859375,61.400001525878906,61.68000030517578,912500,0.0,0.0
2009-02-11 00:00:00-05:00,61.4900016784668,62.52000045776367,60.02000045776367,60.66999816894531,971400,0.0,0.0
2009-02-12 00:00:00-05:00,60.0099983215332,62.470001220703125,59.720001220703125,62.470001220703125,579200,0.0,0.0
2009-02-13 00:00:00-05:00,62.81999969482422,62.81999969482422,60.959999084472656,61.34000015258789,481400,0.0,0.0
2009-02-17 00:00:00-05:00,60.0,60.47999954223633,59.290000915527344,59.52000045776367,658600,0.0,0.0
2009-02-18 00:00:00-05:00,59.54999923706055,59.54999923706055,56.689998626708984,57.5,1195900,0.0,0.0
2009-02-19 00:00:00-05:00,57.689998626708984,58.290000915527344,56.40999984741211,56.5099983215332,753500,0.0,0.0
2009-02-20 00:00:00-05:00,56.29999923706055,56.29999923706055,54.540000915527344,55.15999984741211,470200,0.0,0.0
2009-02-23 00:00:00-05:00,55.20000076293945,55.63999938964844,53.54999923706055,53.959999084472656,707500,0.0,0.0
2009-02-24 00:00:00-05:00,54.31999969482422,55.97999954223633,53.84000015258789,55.560001373291016,331600,0.0,0.0
2009-02-25 00:00:00-05:00,55.099998474121094,55.54999923706055,53.27000045776367,53.790000915527344,488100,0.0,0.0
2009-02-26 00:00:00-05:00,54.459999084472656,54.779998779296875,52.79999923706055,53.0,388500,0.0,0.0
2009-02-27 00:00:00-05:00,52.36000061035156,54.16999816894531,51.790000915527344,53.310001373291016,468300,0.0,0.0
2009-03-02 00:00:00-05:00,52.2599983215332,52.810001373291016,49.119998931884766,49.18000030517578,533100,0.0,0.0
2009-03-03 00:00:00-05:00,49.400001525878906,50.099998474121094,47.68000030517578,47.83000183105469,656100,0.0,0.0
2009-03-04 00:00:00-05:00,48.119998931884766,51.459999084472656,48.119998931884766,50.7599983215332,552200,0.0,0.0
2009-03-05 00:00:00-05:00,49.65999984741211,50.63999938964844,47.72999954223633,48.04999923706055,585700,0.0,0.0
2009-03-06 00:00:00-05:00,48.119998931884766,48.86000061035156,46.38999938964844,47.400001525878906,407400,0.0,0.0
2009-03-09 00:00:00-04:00,46.709999084472656,47.790000915527344,46.58000183105469,46.75,424500,0.0,0.0
2009-03-10 00:00:00-04:00,47.540000915527344,48.720001220703125,47.060001373291016,48.689998626708984,408100,0.0,0.0
2009-03-11 00:00:00-04:00,49.310001373291016,49.540000915527344,46.38999938964844,47.27000045776367,662400,0.0,0.0
2009-03-12 00:00:00-04:00,47.349998474121094,47.4900016784668,44.7400016784668,45.720001220703125,1243100,0.0,0.0
2009-03-13 00:00:00-04:00,44.0099983215332,47.02000045776367,44.0099983215332,47.02000045776367,1136100,0.0,0.0
2009-03-16 00:00:00-04:00,47.13999938964844,47.959999084472656,46.869998931884766,47.29999923706055,652700,0.0,0.0
2009-03-17 00:00:00-04:00,47.130001068115234,48.2400016784668,46.41999816894531,48.2400016784668,332400,0.0,0.0
2009-03-18 00:00:00-04:00,48.2400016784668,49.9900016784668,47.45000076293945,49.529998779296875,525300,0.0,0.0
2009-03-19 00:00:00-04:00,50.18000030517578,50.2599983215332,48.720001220703125,49.65999984741211,462700,0.0,0.0
2009-03-20 00:00:00-04:00,49.61000061035156,50.040000915527344,48.349998474121094,48.630001068115234,543400,0.0,0.0
2009-03-23 00:00:00-04:00,49.2599983215332,50.2400016784668,49.130001068115234,50.209999084472656,518400,0.0,0.0
2009-03-24 00:00:00-04:00,49.27000045776367,50.290000915527344,49.27000045776367,49.45000076293945,765900,0.0,0.0
2009-03-25 00:00:00-04:00,49.65999984741211,50.810001373291016,48.310001373291016,49.630001068115234,795000,0.0,0.0
2009-03-26 00:00:00-04:00,50.16999816894531,51.81999969482422,50.0099983215332,51.66999816894531,708600,0.0,0.0
2009-03-27 00:00:00-04:00,51.20000076293945,52.45000076293945,51.099998474121094,52.20000076293945,761200,0.0,0.0
2009-03-30 00:00:00-04:00,51.349998474121094,51.400001525878906,49.68000030517578,50.70000076293945,436600,0.0,0.0
2009-03-31 00:00:00-04:00,51.13999938964844,52.70000076293945,50.560001373291016,51.33000183105469,523000,0.0,0.0
2009-04-01 00:00:00-04:00,50.630001068115234,51.70000076293945,49.93000030517578,51.63999938964844,587300,0.0,0.0
2009-04-02 00:00:00-04:00,52.45000076293945,55.27000045776367,52.380001068115234,54.18000030517578,542600,0.0,0.0
2009-04-03 00:00:00-04:00,54.18000030517578,55.220001220703125,52.91999816894531,55.220001220703125,705800,0.0,0.0
2009-04-06 00:00:00-04:00,54.95000076293945,56.06999969482422,54.380001068115234,55.52000045776367,842400,0.0,0.0
2009-04-07 00:00:00-04:00,54.869998931884766,55.029998779296875,51.90999984741211,52.31999969482422,863000,0.0,0.0
2009-04-08 00:00:00-04:00,52.08000183105469,53.130001068115234,51.970001220703125,52.959999084472656,487600,0.0,0.0
2009-04-09 00:00:00-04:00,53.540000915527344,55.77000045776367,53.540000915527344,55.27000045776367,581400,0.0,0.0
2009-04-13 00:00:00-04:00,54.75,55.09000015258789,53.81999969482422,54.720001220703125,218800,0.0,0.0
2009-04-14 00:00:00-04:00,54.459999084472656,55.040000915527344,53.90999984741211,54.880001068115234,373800,0.0,0.0
2009-04-15 00:00:00-04:00,54.4900016784668,55.529998779296875,54.43000030517578,55.5099983215332,446600,0.0,0.0
2009-04-16 00:00:00-04:00,55.709999084472656,57.459999084472656,55.54999923706055,57.33000183105469,282300,0.0,0.0
2009-04-17 00:00:00-04:00,57.25,59.08000183105469,56.75,58.9900016784668,527100,0.0,0.0
2009-04-20 00:00:00-04:00,58.08000183105469,58.7400016784668,56.060001373291016,56.41999816894531,424500,0.0,0.0
2009-04-21 00:00:00-04:00,55.709999084472656,56.77000045776367,55.709999084472656,56.099998474121094,351200,0.0,0.0
2009-04-22 00:00:00-04:00,55.70000076293945,58.2599983215332,55.56999969482422,57.18000030517578,313700,0.0,0.0
2009-04-23 00:00:00-04:00,56.0,56.0,52.70000076293945,54.470001220703125,1152700,0.0,0.0
2009-04-24 00:00:00-04:00,55.150001525878906,56.75,54.91999816894531,56.459999084472656,657200,0.0,0.0
2009-04-27 00:00:00-04:00,55.650001525878906,57.11000061035156,55.560001373291016,56.65999984741211,438900,0.0,0.0
2009-04-28 00:00:00-04:00,56.31999969482422,58.529998779296875,55.86000061035156,58.130001068115234,540300,0.0,0.0
2009-04-29 00:00:00-04:00,58.5,62.099998474121094,58.029998779296875,61.20000076293945,808100,0.0,0.0
2009-04-30 00:00:00-04:00,61.31999969482422,64.18000030517578,60.959999084472656,61.630001068115234,727400,0.0,0.0
2009-05-01 00:00:00-04:00,69.0199966430664,75.9000015258789,69.0,75.61000061035156,2459200,0.0,0.0
2009-05-04 00:00:00-04:00,75.75,76.05999755859375,74.05000305175781,76.0,810000,0.0,0.0
2009-05-05 00:00:00-04:00,75.30000305175781,77.33999633789062,75.2699966430664,75.44999694824219,624400,0.0,0.0
2009-05-06 00:00:00-04:00,76.41999816894531,76.94999694824219,74.58000183105469,75.61000061035156,546700,0.0,0.0
2009-05-07 00:00:00-04:00,76.66999816894531,76.87000274658203,74.91999816894531,75.63999938964844,683500,0.0,0.0
2009-05-08 00:00:00-04:00,75.79000091552734,77.0,73.45999908447266,76.6500015258789,619500,0.0,0.0
2009-05-11 00:00:00-04:00,75.93000030517578,75.93000030517578,73.8499984741211,74.69000244140625,557800,0.0,0.0
2009-05-12 00:00:00-04:00,74.44999694824219,74.44999694824219,71.45999908447266,73.2699966430664,670900,0.0,0.0
2009-05-13 00:00:00-04:00,72.83999633789062,73.86000061035156,71.70999908447266,71.93000030517578,611100,0.0,0.0
2009-05-14 00:00:00-04:00,72.30000305175781,73.23999786376953,71.72000122070312,72.08999633789062,484800,0.0,0.0
2009-05-15 00:00:00-04:00,72.20999908447266,73.08000183105469,71.55999755859375,72.55999755859375,648700,0.0,0.0
2009-05-18 00:00:00-04:00,73.12999725341797,74.36000061035156,72.55000305175781,74.36000061035156,379700,0.0,0.0
2009-05-19 00:00:00-04:00,73.04000091552734,74.55999755859375,73.04000091552734,73.9000015258789,309200,0.0,0.0
2009-05-20 00:00:00-04:00,74.12000274658203,75.38999938964844,73.44000244140625,73.5,471500,0.0,0.0
2009-05-21 00:00:00-04:00,72.94999694824219,72.94999694824219,71.61000061035156,71.87999725341797,343100,0.0,0.0
2009-05-22 00:00:00-04:00,72.43000030517578,72.6500015258789,70.45999908447266,70.5999984741211,299300,0.0,0.0
2009-05-26 00:00:00-04:00,70.76000213623047,73.25,70.61000061035156,73.16000366210938,476400,0.0,0.0
2009-05-27 00:00:00-04:00,73.33000183105469,73.55000305175781,71.87000274658203,71.87000274658203,336300,0.0,0.0
2009-05-28 00:00:00-04:00,72.27999877929688,73.31999969482422,70.36000061035156,71.72000122070312,313000,0.0,0.0
2009-05-29 00:00:00-04:00,71.5999984741211,72.1500015258789,70.33999633789062,71.19000244140625,348400,0.0,0.0
2009-06-01 00:00:00-04:00,72.08999633789062,75.93000030517578,72.08999633789062,75.38999938964844,475300,0.0,0.0
2009-06-02 00:00:00-04:00,74.75,78.5,74.75,78.25,669500,0.0,0.0
2009-06-03 00:00:00-04:00,77.29000091552734,78.16000366210938,76.80999755859375,77.23999786376953,305100,0.0,0.0
2009-06-04 00:00:00-04:00,77.36000061035156,77.87999725341797,76.12999725341797,77.33000183105469,273400,0.0,0.0
2009-06-05 00:00:00-04:00,77.68000030517578,78.19999694824219,76.36000061035156,76.95999908447266,365600,0.0,0.0
2009-06-08 00:00:00-04:00,75.4800033569336,77.19000244140625,74.66000366210938,76.41999816894531,284600,0.0,0.0
2009-06-09 00:00:00-04:00,76.6500015258789,77.62000274658203,75.94000244140625,77.16000366210938,189100,0.0,0.0
2009-06-10 00:00:00-04:00,77.33999633789062,77.69999694824219,75.81999969482422,76.80999755859375,406100,0.0,0.0
2009-06-11 00:00:00-04:00,77.08999633789062,78.4000015258789,77.08999633789062,77.6500015258789,200300,0.0,0.0
2009-06-12 00:00:00-04:00,77.1500015258789,77.30000305175781,76.19999694824219,77.30000305175781,162900,0.0,0.0
2009-06-15 00:00:00-04:00,76.37999725341797,76.58999633789062,74.41999816894531,75.18000030517578,217300,0.0,0.0
2009-06-16 00:00:00-04:00,75.38999938964844,76.13999938964844,74.02999877929688,74.30999755859375,147900,0.0,0.0
2009-06-17 00:00:00-04:00,74.56999969482422,75.4800033569336,74.37000274658203,74.66000366210938,179500,0.0,0.0
2009-06-18 00:00:00-04:00,74.79000091552734,75.23999786376953,74.0199966430664,74.93000030517578,112800,0.0,0.0
2009-06-19 00:00:00-04:00,75.3499984741211,75.77999877929688,74.8499984741211,75.5199966430664,240000,0.0,0.0
2009-06-22 00:00:00-04:00,75.0,75.5,73.54000091552734,73.72000122070312,143200,0.0,0.0
2009-06-23 00:00:00-04:00,73.77999877929688,73.83000183105469,72.0999984741211,72.19999694824219,193700,0.0,0.0
2009-06-24 00:00:00-04:00,72.4000015258789,74.69999694824219,72.4000015258789,74.25,334700,0.0,0.0
2009-06-25 00:00:00-04:00,74.30999755859375,76.11000061035156,74.0199966430664,76.08999633789062,189100,0.0,0.0
2009-06-26 00:00:00-04:00,76.1500015258789,76.23999786376953,74.54000091552734,75.83999633789062,389700,0.0,0.0
2009-06-29 00:00:00-04:00,76.18000030517578,77.27999877929688,75.41000366210938,76.72000122070312,187300,0.0,0.0
2009-06-30 00:00:00-04:00,76.62000274658203,77.19999694824219,74.73999786376953,77.1500015258789,365700,0.0,0.0
2009-07-01 00:00:00-04:00,78.0,79.37000274658203,76.9800033569336,78.41999816894531,683400,0.0,0.0
2009-07-02 00:00:00-04:00,77.52999877929688,77.80999755859375,76.55000305175781,77.06999969482422,485600,0.0,0.0
2009-07-06 00:00:00-04:00,76.7699966430664,77.47000122070312,75.58000183105469,75.79000091552734,297800,0.0,0.0
2009-07-07 00:00:00-04:00,75.80000305175781,77.73999786376953,75.55000305175781,76.0,420300,0.0,0.0
2009-07-08 00:00:00-04:00,76.81999969482422,76.81999969482422,74.27999877929688,75.44000244140625,160900,0.0,0.0
2009-07-09 00:00:00-04:00,75.5,75.86000061035156,74.61000061035156,75.33000183105469,201100,0.0,0.0
2009-07-10 00:00:00-04:00,75.5,76.06999969482422,75.0199966430664,75.55999755859375,133800,0.0,0.0
2009-07-13 00:00:00-04:00,76.0,76.0,74.75,75.93000030517578,171300,0.0,0.0
2009-07-14 00:00:00-04:00,75.95999908447266,76.41000366210938,75.52999877929688,76.16999816894531,234700,0.0,0.0
2009-07-15 00:00:00-04:00,77.19999694824219,78.8499984741211,76.83999633789062,78.79000091552734,204300,0.0,0.0
2009-07-16 00:00:00-04:00,78.79000091552734,80.69999694824219,78.79000091552734,80.08000183105469,296500,0.0,0.0
2009-07-17 00:00:00-04:00,80.18000030517578,81.69000244140625,79.81999969482422,81.6500015258789,258600,0.0,0.0
2009-07-20 00:00:00-04:00,81.98999786376953,84.9000015258789,81.55999755859375,84.68000030517578,380500,0.0,0.0
2009-07-21 00:00:00-04:00,84.98999786376953,85.91000366210938,84.44999694824219,85.18000030517578,222000,0.0,0.0
2009-07-22 00:00:00-04:00,84.4000015258789,85.5,84.4000015258789,85.0,308600,0.0,0.0
2009-07-23 00:00:00-04:00,85.0,87.0999984741211,84.94999694824219,85.22000122070312,521700,0.0,0.0
2009-07-24 00:00:00-04:00,82.66999816894531,83.80000305175781,77.63999938964844,83.62000274658203,1068100,0.0,0.0
2009-07-27 00:00:00-04:00,83.33000183105469,84.36000061035156,83.08999633789062,83.69999694824219,391300,0.0,0.0
2009-07-28 00:00:00-04:00,82.94999694824219,83.93000030517578,82.58999633789062,83.83999633789062,193800,0.0,0.0
2009-07-29 00:00:00-04:00,83.0,83.93000030517578,82.86000061035156,83.62999725341797,249900,0.0,0.0
2009-07-30 00:00:00-04:00,84.06999969482422,84.7300033569336,83.52999877929688,84.22000122070312,196000,0.0,0.0
2009-07-31 00:00:00-04:00,83.93000030517578,85.0,83.30000305175781,84.05999755859375,154600,0.0,0.0
2009-08-03 00:00:00-04:00,84.20999908447266,85.12999725341797,83.30000305175781,85.12999725341797,220000,0.0,0.0
2009-08-04 00:00:00-04:00,85.0199966430664,86.44999694824219,84.52999877929688,85.77999877929688,127900,0.0,0.0
2009-08-05 00:00:00-04:00,85.98999786376953,86.01000213623047,83.72000122070312,84.25,170500,0.0,0.0
2009-08-06 00:00:00-04:00,84.23999786376953,84.58000183105469,83.55000305175781,84.33999633789062,204400,0.0,0.0
2009-08-07 00:00:00-04:00,85.62000274658203,85.7699966430664,84.75,85.05000305175781,149300,0.0,0.0
2009-08-10 00:00:00-04:00,84.5,84.97000122070312,83.80000305175781,84.19000244140625,163700,0.0,0.0
2009-08-11 00:00:00-04:00,84.18000030517578,84.27999877929688,82.91000366210938,83.44000244140625,98600,0.0,0.0
2009-08-12 00:00:00-04:00,83.20999908447266,86.26000213623047,83.1500015258789,85.47000122070312,164900,0.0,0.0
2009-08-13 00:00:00-04:00,86.22000122070312,86.69000244140625,84.98999786376953,86.69000244140625,109100,0.0,0.0
2009-08-14 00:00:00-04:00,86.25,86.68000030517578,85.1500015258789,85.54000091552734,322900,0.0,0.0
2009-08-17 00:00:00-04:00,84.4800033569336,85.38999938964844,84.27999877929688,85.0199966430664,373700,0.0,0.0
2009-08-18 00:00:00-04:00,84.98999786376953,85.5999984741211,84.63999938964844,85.45999908447266,127600,0.0,0.0
2009-08-19 00:00:00-04:00,85.02999877929688,86.1500015258789,85.0,85.83999633789062,117300,0.0,0.0
2009-08-20 00:00:00-04:00,85.62999725341797,86.5199966430664,85.4800033569336,86.2300033569336,77100,0.0,0.0
2009-08-21 00:00:00-04:00,86.98999786376953,87.91000366210938,86.30999755859375,87.5199966430664,139700,0.0,0.0
2009-08-24 00:00:00-04:00,87.94999694824219,87.98999786376953,87.05999755859375,87.37999725341797,181300,0.0,0.0
2009-08-25 00:00:00-04:00,87.72000122070312,88.0,87.06999969482422,87.29000091552734,122800,0.0,0.0
2009-08-26 00:00:00-04:00,86.94999694824219,88.22000122070312,86.86000061035156,87.54000091552734,124400,0.0,0.0
2009-08-27 00:00:00-04:00,87.70999908447266,88.56999969482422,85.94000244140625,87.77999877929688,167100,0.0,0.0
2009-08-28 00:00:00-04:00,88.12000274658203,88.58000183105469,87.0999984741211,88.56999969482422,176700,0.0,0.0
2009-08-31 00:00:00-04:00,88.23999786376953,88.23999786376953,86.9000015258789,87.4000015258789,130900,0.0,0.0
2009-09-01 00:00:00-04:00,86.79000091552734,89.05000305175781,86.18000030517578,86.41000366210938,163800,0.0,0.0
2009-09-02 00:00:00-04:00,85.95999908447266,86.83000183105469,85.33999633789062,86.52999877929688,174300,0.0,0.0
2009-09-03 00:00:00-04:00,86.58000183105469,87.13999938964844,85.5,86.7300033569336,170000,0.0,0.0
2009-09-04 00:00:00-04:00,86.58999633789062,86.88999938964844,85.95999908447266,86.81999969482422,218400,0.0,0.0
2009-09-08 00:00:00-04:00,87.19000244140625,87.58999633789062,86.4800033569336,87.58999633789062,172200,0.0,0.0
2009-09-09 00:00:00-04:00,87.44999694824219,88.20999908447266,86.93000030517578,87.9000015258789,332200,0.0,0.0
2009-09-10 00:00:00-04:00,87.62000274658203,88.91999816894531,86.83000183105469,88.77999877929688,213100,0.0,0.0
2009-09-11 00:00:00-04:00,88.98999786376953,89.91999816894531,88.75,89.56999969482422,113500,0.0,0.0
2009-09-14 00:00:00-04:00,88.94000244140625,90.30000305175781,88.93000030517578,90.22000122070312,90100,0.0,0.0
2009-09-15 00:00:00-04:00,90.43000030517578,91.41000366210938,89.58000183105469,91.20999908447266,124100,0.0,0.0
2009-09-16 00:00:00-04:00,90.94000244140625,92.95999908447266,90.94000244140625,92.37000274658203,144200,0.0,0.0
2009-09-17 00:00:00-04:00,91.9800033569336,93.58000183105469,91.80000305175781,92.91999816894531,156400,0.0,0.0
2009-09-18 00:00:00-04:00,92.41000366210938,93.36000061035156,91.83999633789062,92.87000274658203,189700,0.0,0.0
2009-09-21 00:00:00-04:00,92.44999694824219,92.58000183105469,91.18000030517578,91.76000213623047,120000,0.0,0.0
2009-09-22 00:00:00-04:00,91.91000366210938,91.91000366210938,90.5199966430664,90.9800033569336,79100,0.0,0.0
2009-09-23 00:00:00-04:00,90.66999816894531,92.7699966430664,90.18000030517578,90.69000244140625,203100,0.0,0.0
2009-09-24 00:00:00-04:00,90.7300033569336,91.16999816894531,88.01000213623047,88.16999816894531,192300,0.0,0.0
2009-09-25 00:00:00-04:00,88.76000213623047,88.76000213623047,87.0,87.0999984741211,171600,0.0,0.0
2009-09-28 00:00:00-04:00,87.2300033569336,90.2300033569336,87.2300033569336,89.04000091552734,112600,0.0,0.0
2009-09-29 00:00:00-04:00,88.91999816894531,90.16000366210938,88.69000244140625,89.62999725341797,134900,0.0,0.0
2009-09-30 00:00:00-04:00,90.0,91.45999908447266,89.54000091552734,90.58999633789062,221100,0.0,0.0
2009-10-01 00:00:00-04:00,90.58999633789062,90.88999938964844,88.9800033569336,89.81999969482422,285700,0.0,0.0
2009-10-02 00:00:00-04:00,89.51000213623047,89.94999694824219,89.08999633789062,89.4800033569336,240000,0.0,0.0
2009-10-05 00:00:00-04:00,89.7699966430664,90.22000122070312,89.25,89.69999694824219,193700,0.0,0.0
2009-10-06 00:00:00-04:00,89.87000274658203,90.73999786376953,88.9000015258789,89.55000305175781,188200,0.0,0.0
2009-10-07 00:00:00-04:00,89.30000305175781,89.5999984741211,88.33999633789062,89.19999694824219,169300,0.0,0.0
2009-10-08 00:00:00-04:00,89.79000091552734,92.45999908447266,89.55000305175781,91.52999877929688,287800,0.0,0.0
2009-10-09 00:00:00-04:00,91.13999938964844,92.38999938964844,91.13999938964844,92.26000213623047,91500,0.0,0.0
2009-10-12 00:00:00-04:00,92.69999694824219,93.5999984741211,92.3499984741211,92.9000015258789,71500,0.0,0.0
2009-10-13 00:00:00-04:00,92.6500015258789,93.66999816894531,92.11000061035156,92.75,142200,0.0,0.0
2009-10-14 00:00:00-04:00,93.33000183105469,94.5199966430664,92.76000213623047,94.38999938964844,132200,0.0,0.0
2009-10-15 00:00:00-04:00,93.63999938964844,94.9000015258789,93.16999816894531,94.75,121100,0.0,0.0
2009-10-16 00:00:00-04:00,93.80999755859375,93.91000366210938,92.66999816894531,93.26000213623047,136500,0.0,0.0
2009-10-19 00:00:00-04:00,93.62999725341797,95.12000274658203,93.0,94.19000244140625,134400,0.0,0.0
2009-10-20 00:00:00-04:00,94.56999969482422,94.56999969482422,93.37000274658203,93.56999969482422,173400,0.0,0.0
2009-10-21 00:00:00-04:00,93.16000366210938,94.19999694824219,91.4800033569336,91.4800033569336,305600,0.0,0.0
2009-10-22 00:00:00-04:00,91.75,93.97000122070312,91.31999969482422,93.29000091552734,276800,0.0,0.0
2009-10-23 00:00:00-04:00,93.79000091552734,93.79000091552734,92.19000244140625,92.7699966430664,175700,0.0,0.0
2009-10-26 00:00:00-04:00,93.06999969482422,94.19000244140625,92.0999984741211,92.33999633789062,295100,0.0,0.0
2009-10-27 00:00:00-04:00,92.81999969482422,93.30000305175781,91.80000305175781,92.0,387300,0.0,0.0
2009-10-28 00:00:00-04:00,91.94000244140625,91.98999786376953,90.5,90.76000213623047,584600,0.0,0.0
2009-10-29 00:00:00-04:00,90.9000015258789,93.8499984741211,90.9000015258789,93.5999984741211,288100,0.0,0.0
2009-10-30 00:00:00-04:00,96.0,99.87000274658203,94.25,97.5,803500,0.0,0.0
2009-11-02 00:00:00-05:00,97.01000213623047,98.0999984741211,95.66000366210938,96.80999755859375,385400,0.0,0.0
2009-11-03 00:00:00-05:00,96.66000366210938,97.18000030517578,96.16000366210938,96.93000030517578,277600,0.0,0.0
2009-11-04 00:00:00-05:00,96.87999725341797,98.7300033569336,96.87999725341797,96.97000122070312,200100,0.0,0.0
2009-11-05 00:00:00-05:00,97.5,100.0,97.36000061035156,99.62000274658203,181500,0.0,0.0
2009-11-06 00:00:00-05:00,98.7699966430664,100.5,98.5,99.38999938964844,142200,0.0,0.0
2009-11-09 00:00:00-05:00,99.31999969482422,100.75,99.31999969482422,100.43000030517578,213200,0.0,0.0
2009-11-10 00:00:00-05:00,99.33000183105469,100.75,99.33000183105469,100.43000030517578,267800,0.0,0.0
2009-11-11 00:00:00-05:00,100.76000213623047,100.76000213623047,99.19999694824219,99.5999984741211,157300,0.0,0.0
2009-11-12 00:00:00-05:00,99.8499984741211,100.0199966430664,98.69999694824219,98.88999938964844,181700,0.0,0.0
2009-11-13 00:00:00-05:00,99.30000305175781,99.61000061035156,98.05999755859375,99.05999755859375,215800,0.0,0.0
2009-11-16 00:00:00-05:00,99.1500015258789,101.04000091552734,98.80999755859375,100.66000366210938,346100,0.0,0.0
2009-11-17 00:00:00-05:00,100.66999816894531,101.04000091552734,99.18000030517578,99.43000030517578,297800,0.0,0.0
2009-11-18 00:00:00-05:00,99.12999725341797,100.25,99.12999725341797,100.02999877929688,340000,0.0,0.0
2009-11-19 00:00:00-05:00,99.76000213623047,99.77999877929688,98.5,99.4800033569336,253400,0.0,0.0
2009-11-20 00:00:00-05:00,98.94000244140625,99.5199966430664,98.5,99.33000183105469,126200,0.0,0.0
2009-11-23 00:00:00-05:00,99.87000274658203,101.3499984741211,99.41999816894531,100.22000122070312,107900,0.0,0.0
2009-11-24 00:00:00-05:00,99.9000015258789,100.0,98.91000366210938,99.98999786376953,93900,0.0,0.0
2009-11-25 00:00:00-05:00,100.22000122070312,100.29000091552734,98.8499984741211,99.7300033569336,86100,0.0,0.0
2009-11-27 00:00:00-05:00,98.33999633789062,100.01000213623047,97.4000015258789,98.94000244140625,102100,0.0,0.0
2009-11-30 00:00:00-05:00,98.44999694824219,99.58999633789062,97.55999755859375,99.4800033569336,186800,0.0,0.0
2009-12-01 00:00:00-05:00,99.45999908447266,101.0,99.45999908447266,99.83999633789062,123300,0.0,0.0
2009-12-02 00:00:00-05:00,99.87999725341797,100.4000015258789,99.04000091552734,99.55999755859375,127100,0.0,0.0
2009-12-03 00:00:00-05:00,99.37999725341797,99.9000015258789,98.1500015258789,98.4800033569336,336000,0.0,0.0
2009-12-04 00:00:00-05:00,99.16000366210938,100.36000061035156,97.66999816894531,98.94000244140625,249900,0.0,0.0
2009-12-07 00:00:00-05:00,98.5,99.62999725341797,98.22000122070312,98.7300033569336,98000,0.0,0.0
2009-12-08 00:00:00-05:00,97.88999938964844,98.69999694824219,96.68000030517578,97.4000015258789,184600,0.0,0.0
2009-12-09 00:00:00-05:00,97.62000274658203,97.62000274658203,96.33999633789062,97.29000091552734,130000,0.0,0.0
2009-12-10 00:00:00-05:00,97.79000091552734,99.0,97.70999908447266,98.44999694824219,176700,0.0,0.0
2009-12-11 00:00:00-05:00,98.72000122070312,99.95999908447266,98.27999877929688,99.30000305175781,165700,0.0,0.0
2009-12-14 00:00:00-05:00,99.66999816894531,101.6500015258789,99.41000366210938,101.36000061035156,204700,0.0,0.0
2009-12-15 00:00:00-05:00,100.47000122070312,102.83000183105469,100.47000122070312,102.81999969482422,249500,0.0,0.0
2009-12-16 00:00:00-05:00,102.69999694824219,103.29000091552734,101.56999969482422,102.11000061035156,155500,0.0,0.0
2009-12-17 00:00:00-05:00,101.27999877929688,101.55000305175781,100.19999694824219,100.9800033569336,139100,0.0,0.0
2009-12-18 00:00:00-05:00,101.31999969482422,103.3499984741211,99.91999816894531,103.02999877929688,371400,0.0,0.0
2009-12-21 00:00:00-05:00,102.66000366210938,104.13999938964844,102.5999984741211,103.7699966430664,219300,0.0,0.0
2009-12-22 00:00:00-05:00,104.23999786376953,106.0199966430664,103.5,106.0199966430664,219700,0.0,0.0
2009-12-23 00:00:00-05:00,105.5999984741211,106.83999633789062,105.2300033569336,105.69000244140625,148600,0.0,0.0
2009-12-24 00:00:00-05:00,106.1500015258789,106.33000183105469,105.5,106.23999786376953,28300,0.0,0.0
2009-12-28 00:00:00-05:00,105.83000183105469,106.51000213623047,105.23999786376953,105.7300033569336,66200,0.0,0.0
2009-12-29 00:00:00-05:00,106.29000091552734,106.98999786376953,105.36000061035156,105.93000030517578,128200,0.0,0.0
2009-12-30 00:00:00-05:00,105.70999908447266,106.55000305175781,105.20999908447266,105.97000122070312,94500,0.0,0.0
2009-12-31 00:00:00-05:00,106.27999877929688,106.48999786376953,104.83999633789062,104.98999786376953,85500,0.0,0.0
2010-01-04 00:00:00-05:00,105.4800033569336,106.20999908447266,104.83000183105469,105.63999938964844,95100,0.0,0.0
2010-01-05 00:00:00-05:00,104.7300033569336,104.7300033569336,101.30999755859375,103.0,317200,0.0,0.0
2010-01-06 00:00:00-05:00,102.6500015258789,104.2699966430664,101.5199966430664,102.20999908447266,243400,0.0,0.0
2010-01-07 00:00:00-05:00,102.0,102.55000305175781,100.36000061035156,100.44000244140625,209400,0.0,0.0
2010-01-08 00:00:00-05:00,99.9000015258789,102.30000305175781,99.54000091552734,102.13999938964844,119500,0.0,0.0
2010-01-11 00:00:00-05:00,102.0999984741211,103.3499984741211,101.83999633789062,103.05000305175781,112300,0.0,0.0
2010-01-12 00:00:00-05:00,102.87999725341797,103.12000274658203,101.1500015258789,101.58999633789062,97300,0.0,0.0
2010-01-13 00:00:00-05:00,101.37999725341797,103.56999969482422,101.04000091552734,102.97000122070312,160100,0.0,0.0
2010-01-14 00:00:00-05:00,103.19999694824219,104.52999877929688,103.01000213623047,103.81999969482422,132000,0.0,0.0
2010-01-15 00:00:00-05:00,104.05000305175781,104.33999633789062,100.97000122070312,101.08999633789062,101700,0.0,0.0
2010-01-19 00:00:00-05:00,100.72000122070312,102.02999877929688,100.55000305175781,101.69999694824219,153400,0.0,0.0
2010-01-20 00:00:00-05:00,101.19999694824219,101.63999938964844,99.91000366210938,100.81999969482422,136600,0.0,0.0
2010-01-21 00:00:00-05:00,101.45999908447266,102.12999725341797,99.69000244140625,100.16999816894531,314100,0.0,0.0
2010-01-22 00:00:00-05:00,100.4800033569336,101.05999755859375,98.69999694824219,98.77999877929688,149000,0.0,0.0
2010-01-25 00:00:00-05:00,99.05999755859375,99.58999633789062,98.58999633789062,99.08999633789062,139500,0.0,0.0
2010-01-26 00:00:00-05:00,98.70999908447266,100.06999969482422,98.0,98.97000122070312,80100,0.0,0.0
2010-01-27 00:00:00-05:00,98.69000244140625,98.75,97.0,98.2300033569336,182500,0.0,0.0
2010-01-28 00:00:00-05:00,98.0,99.38999938964844,97.33999633789062,97.33999633789062,184900,0.0,0.0
2010-01-29 00:00:00-05:00,97.3499984741211,99.0,97.2699966430664,97.47000122070312,206300,0.0,0.0
2010-02-01 00:00:00-05:00,97.63999938964844,98.45999908447266,97.05999755859375,97.68000030517578,234000,0.0,0.0
2010-02-02 00:00:00-05:00,97.97000122070312,98.94999694824219,97.26000213623047,98.0999984741211,267500,0.0,0.0
2010-02-03 00:00:00-05:00,97.5199966430664,100.30000305175781,97.5199966430664,100.23999786376953,282100,0.0,0.0
2010-02-04 00:00:00-05:00,99.44000244140625,99.94000244140625,96.13999938964844,96.29000091552734,361000,0.0,0.0
2010-02-05 00:00:00-05:00,96.01000213623047,98.44999694824219,93.94999694824219,96.94000244140625,620400,0.0,0.0
2010-02-08 00:00:00-05:00,96.3499984741211,96.9800033569336,94.45999908447266,94.45999908447266,312400,0.0,0.0
2010-02-09 00:00:00-05:00,95.48999786376953,96.18000030517578,95.26000213623047,95.58999633789062,156800,0.0,0.0
2010-02-10 00:00:00-05:00,95.25,95.66999816894531,93.98999786376953,94.0999984741211,120100,0.0,0.0
2010-02-11 00:00:00-05:00,93.73999786376953,95.02999877929688,93.6500015258789,94.8499984741211,221400,0.0,0.0
2010-02-12 00:00:00-05:00,93.94999694824219,94.66999816894531,93.43000030517578,94.33000183105469,424800,0.0,0.0
2010-02-16 00:00:00-05:00,94.80000305175781,95.7699966430664,94.22000122070312,95.76000213623047,209700,0.0,0.0
2010-02-17 00:00:00-05:00,95.80999755859375,96.44999694824219,95.69999694824219,96.23999786376953,157700,0.0,0.0
2010-02-18 00:00:00-05:00,96.30999755859375,96.54000091552734,95.83999633789062,96.0,180200,0.0,0.0
2010-02-19 00:00:00-05:00,95.62999725341797,97.51000213623047,95.08999633789062,97.43000030517578,245600,0.0,0.0
2010-02-22 00:00:00-05:00,98.30999755859375,98.43000030517578,97.44000244140625,98.36000061035156,243500,0.0,0.0
2010-02-23 00:00:00-05:00,98.44999694824219,98.66999816894531,97.80000305175781,98.36000061035156,247600,0.0,0.0
2010-02-24 00:00:00-05:00,98.20999908447266,99.3499984741211,98.0,98.55000305175781,169600,0.0,0.0
2010-02-25 00:00:00-05:00,98.01000213623047,98.91999816894531,97.11000061035156,98.79000091552734,137600,0.0,0.0
2010-02-26 00:00:00-05:00,98.41000366210938,99.73999786376953,98.41000366210938,99.41000366210938,140000,0.0,0.0
2010-03-01 00:00:00-05:00,99.86000061035156,102.9800033569336,99.43000030517578,102.62000274658203,215500,0.0,0.0
2010-03-02 00:00:00-05:00,102.66999816894531,103.83999633789062,102.31999969482422,103.61000061035156,156400,0.0,0.0
2010-03-03 00:00:00-05:00,103.87000274658203,104.62999725341797,103.36000061035156,103.94000244140625,96900,0.0,0.0
2010-03-04 00:00:00-05:00,104.18000030517578,104.37999725341797,101.6500015258789,103.37000274658203,231500,0.0,0.0
2010-03-05 00:00:00-05:00,104.20999908447266,105.5999984741211,104.0,105.5,154800,0.0,0.0
2010-03-08 00:00:00-05:00,105.02999877929688,105.76000213623047,104.80999755859375,105.29000091552734,153200,0.0,0.0
2010-03-09 00:00:00-05:00,105.29000091552734,105.5,104.4800033569336,105.0,84200,0.0,0.0
2010-03-10 00:00:00-05:00,104.62000274658203,106.05999755859375,104.58000183105469,105.62000274658203,284000,0.0,0.0
2010-03-11 00:00:00-05:00,105.69000244140625,106.18000030517578,104.62999725341797,105.30000305175781,197200,0.0,0.0
2010-03-12 00:00:00-05:00,105.5,106.0999984741211,104.87999725341797,106.08999633789062,120600,0.0,0.0
2010-03-15 00:00:00-04:00,106.08999633789062,107.36000061035156,105.7699966430664,107.16999816894531,150000,0.0,0.0
2010-03-16 00:00:00-04:00,107.2300033569336,109.23999786376953,107.2300033569336,109.13999938964844,304300,0.0,0.0
2010-03-17 00:00:00-04:00,109.23999786376953,109.75,108.55999755859375,108.80999755859375,151200,0.0,0.0
2010-03-18 00:00:00-04:00,109.05000305175781,109.22000122070312,107.8499984741211,108.22000122070312,97100,0.0,0.0
2010-03-19 00:00:00-04:00,107.19999694824219,108.25,107.0199966430664,107.19999694824219,186900,0.0,0.0
2010-03-22 00:00:00-04:00,107.06999969482422,108.7699966430664,106.43000030517578,108.5999984741211,145900,0.0,0.0
2010-03-23 00:00:00-04:00,108.95999908447266,109.9800033569336,108.41000366210938,109.7699966430664,105500,0.0,0.0
2010-03-24 00:00:00-04:00,108.77999877929688,109.33999633789062,108.25,108.36000061035156,120300,0.0,0.0
2010-03-25 00:00:00-04:00,109.1500015258789,110.75,108.6500015258789,109.41999816894531,135200,0.0,0.0
2010-03-26 00:00:00-04:00,109.62000274658203,110.0,108.87000274658203,109.38999938964844,80000,0.0,0.0
2010-03-29 00:00:00-04:00,109.01000213623047,111.44999694824219,108.93000030517578,109.05999755859375,245100,0.0,0.0
2010-03-30 00:00:00-04:00,109.44000244140625,111.06999969482422,108.94000244140625,110.30999755859375,123200,0.0,0.0
2010-03-31 00:00:00-04:00,110.30999755859375,110.77999877929688,109.19999694824219,109.19999694824219,124900,0.0,0.0
2010-04-01 00:00:00-04:00,109.86000061035156,110.98999786376953,109.6500015258789,110.26000213623047,100900,0.0,0.0
2010-04-05 00:00:00-04:00,110.33000183105469,111.37000274658203,110.30000305175781,111.19000244140625,158900,0.0,0.0
2010-04-06 00:00:00-04:00,110.38999938964844,112.75,109.91000366210938,112.58000183105469,185800,0.0,0.0
2010-04-07 00:00:00-04:00,112.66000366210938,112.87000274658203,111.33000183105469,112.2699966430664,121500,0.0,0.0
2010-04-08 00:00:00-04:00,112.22000122070312,112.54000091552734,110.55999755859375,112.31999969482422,174700,0.0,0.0
2010-04-09 00:00:00-04:00,112.33000183105469,113.4800033569336,111.94999694824219,113.4800033569336,97200,0.0,0.0
2010-04-12 00:00:00-04:00,113.48999786376953,114.48999786376953,113.33999633789062,114.22000122070312,120000,0.0,0.0
2010-04-13 00:00:00-04:00,114.16000366210938,115.47000122070312,113.83999633789062,115.26000213623047,228200,0.0,0.0
2010-04-14 00:00:00-04:00,115.48999786376953,116.98999786376953,115.41999816894531,116.68000030517578,157200,0.0,0.0
2010-04-15 00:00:00-04:00,116.2300033569336,117.75,116.2300033569336,116.58000183105469,103200,0.0,0.0
2010-04-16 00:00:00-04:00,116.5999984741211,117.7300033569336,115.66000366210938,117.29000091552734,296100,0.0,0.0
2010-04-19 00:00:00-04:00,116.2300033569336,117.2300033569336,115.83000183105469,116.91999816894531,146100,0.0,0.0
2010-04-20 00:00:00-04:00,117.30000305175781,117.7300033569336,116.61000061035156,116.87000274658203,163000,0.0,0.0
2010-04-21 00:00:00-04:00,116.72000122070312,117.5,115.9800033569336,116.44999694824219,162000,0.0,0.0
2010-04-22 00:00:00-04:00,115.27999877929688,115.87000274658203,114.66000366210938,115.2300033569336,233200,0.0,0.0
2010-04-23 00:00:00-04:00,115.0199966430664,116.7699966430664,114.1500015258789,116.76000213623047,242500,0.0,0.0
2010-04-26 00:00:00-04:00,116.37999725341797,117.9000015258789,116.29000091552734,116.69999694824219,194400,0.0,0.0
2010-04-27 00:00:00-04:00,116.77999877929688,120.12000274658203,115.95999908447266,116.30999755859375,289200,0.0,0.0
2010-04-28 00:00:00-04:00,116.87999725341797,118.87000274658203,116.2300033569336,118.41999816894531,278700,0.0,0.0
2010-04-29 00:00:00-04:00,118.88999938964844,120.95999908447266,118.87000274658203,119.83000183105469,327400,0.0,0.0
2010-04-30 00:00:00-04:00,127.47000122070312,130.1699981689453,125.45999908447266,125.4800033569336,503900,0.0,0.0
2010-05-03 00:00:00-04:00,126.58000183105469,127.62000274658203,124.83999633789062,126.69999694824219,274900,0.0,0.0
2010-05-04 00:00:00-04:00,125.25,125.41999816894531,122.80999755859375,123.66000366210938,372500,0.0,0.0
2010-05-05 00:00:00-04:00,122.6500015258789,122.6500015258789,119.68000030517578,120.19999694824219,268700,0.0,0.0
2010-05-06 00:00:00-04:00,120.0199966430664,120.0199966430664,111.61000061035156,117.52999877929688,351300,0.0,0.0
2010-05-07 00:00:00-04:00,116.16999816894531,116.41999816894531,111.81999969482422,112.45999908447266,278200,0.0,0.0
2010-05-10 00:00:00-04:00,116.12999725341797,118.75,116.02999877929688,117.56999969482422,306800,0.0,0.0
2010-05-11 00:00:00-04:00,117.0,120.29000091552734,116.37999725341797,119.94999694824219,286900,0.0,0.0
2010-05-12 00:00:00-04:00,119.97000122070312,122.0,119.93000030517578,122.0,231400,0.0,0.0
2010-05-13 00:00:00-04:00,121.5,121.62000274658203,119.93000030517578,120.4800033569336,212500,0.0,0.0
2010-05-14 00:00:00-04:00,120.20999908447266,120.20999908447266,117.47000122070312,118.25,495100,0.0,0.0
2010-05-17 00:00:00-04:00,118.36000061035156,119.27999877929688,116.56999969482422,118.5999984741211,203600,0.0,0.0
2010-05-18 00:00:00-04:00,119.95999908447266,119.95999908447266,116.0,116.33999633789062,325500,0.0,0.0
2010-05-19 00:00:00-04:00,115.5,116.45999908447266,114.80000305175781,116.04000091552734,344500,0.0,0.0
2010-05-20 00:00:00-04:00,114.70999908447266,114.70999908447266,110.08000183105469,110.81999969482422,382800,0.0,0.0
2010-05-21 00:00:00-04:00,109.22000122070312,112.6500015258789,108.81999969482422,111.3499984741211,363000,0.0,0.0
2010-05-24 00:00:00-04:00,110.8499984741211,112.86000061035156,110.7300033569336,111.31999969482422,221000,0.0,0.0
2010-05-25 00:00:00-04:00,109.06999969482422,110.13999938964844,107.0,109.11000061035156,401800,0.0,0.0
2010-05-26 00:00:00-04:00,110.0,112.30999755859375,109.7300033569336,110.69000244140625,352500,0.0,0.0
2010-05-27 00:00:00-04:00,113.19000244140625,116.8499984741211,112.83000183105469,116.63999938964844,315200,0.0,0.0
2010-05-28 00:00:00-04:00,116.25,116.80999755859375,114.0,114.52999877929688,182500,0.0,0.0
2010-06-01 00:00:00-04:00,113.70999908447266,115.04000091552734,112.3499984741211,112.41000366210938,134900,0.0,0.0
2010-06-02 00:00:00-04:00,112.63999938964844,114.05999755859375,110.58999633789062,113.95999908447266,218100,0.0,0.0
2010-06-03 00:00:00-04:00,114.43000030517578,116.0,113.77999877929688,115.31999969482422,232800,0.0,0.0
2010-06-04 00:00:00-04:00,113.68000030517578,113.87000274658203,109.94000244140625,110.20999908447266,229300,0.0,0.0
2010-06-07 00:00:00-04:00,110.16000366210938,110.77999877929688,107.76000213623047,107.95999908447266,203300,0.0,0.0
2010-06-08 00:00:00-04:00,107.93000030517578,108.25,106.22000122070312,107.41999816894531,257000,0.0,0.0
2010-06-09 00:00:00-04:00,108.2699966430664,111.54000091552734,107.83999633789062,110.36000061035156,328900,0.0,0.0
2010-06-10 00:00:00-04:00,111.80000305175781,113.62999725341797,111.58999633789062,113.4000015258789,215400,0.0,0.0
2010-06-11 00:00:00-04:00,112.27999877929688,114.44000244140625,112.16000366210938,113.16999816894531,209500,0.0,0.0
2010-06-14 00:00:00-04:00,113.66000366210938,117.13999938964844,113.66000366210938,115.58999633789062,173700,0.0,0.0
2010-06-15 00:00:00-04:00,116.05000305175781,117.97000122070312,116.05000305175781,117.73999786376953,98400,0.0,0.0
2010-06-16 00:00:00-04:00,116.80999755859375,118.9800033569336,116.30999755859375,118.25,177900,0.0,0.0
2010-06-17 00:00:00-04:00,118.68000030517578,119.36000061035156,116.62000274658203,118.0199966430664,81000,0.0,0.0
2010-06-18 00:00:00-04:00,117.86000061035156,118.62999725341797,116.63999938964844,116.9800033569336,113500,0.0,0.0
2010-06-21 00:00:00-04:00,118.16999816894531,119.69999694824219,116.26000213623047,116.76000213623047,121600,0.0,0.0
2010-06-22 00:00:00-04:00,116.6500015258789,117.93000030517578,114.88999938964844,115.01000213623047,119700,0.0,0.0
2010-06-23 00:00:00-04:00,114.91999816894531,115.58000183105469,113.52999877929688,114.58999633789062,84600,0.0,0.0
2010-06-24 00:00:00-04:00,113.69000244140625,114.44000244140625,113.01000213623047,113.44000244140625,105800,0.0,0.0
2010-06-25 00:00:00-04:00,113.5199966430664,115.75,112.91000366210938,114.5199966430664,189100,0.0,0.0
2010-06-28 00:00:00-04:00,115.04000091552734,116.05000305175781,113.79000091552734,114.70999908447266,69900,0.0,0.0
2010-06-29 00:00:00-04:00,114.16999816894531,114.16999816894531,109.9800033569336,110.55000305175781,211100,0.0,0.0
2010-06-30 00:00:00-04:00,110.04000091552734,112.44000244140625,109.97000122070312,111.62999725341797,219100,0.0,0.0
2010-07-01 00:00:00-04:00,111.43000030517578,111.48999786376953,107.56999969482422,109.38999938964844,213800,0.0,0.0
2010-07-02 00:00:00-04:00,109.9000015258789,110.29000091552734,108.0999984741211,108.41999816894531,123800,0.0,0.0
2010-07-06 00:00:00-04:00,109.19000244140625,111.93000030517578,109.19000244140625,111.41000366210938,317400,0.0,0.0
2010-07-07 00:00:00-04:00,111.91000366210938,113.73999786376953,110.8499984741211,113.51000213623047,288200,0.0,0.0
2010-07-08 00:00:00-04:00,113.93000030517578,115.23999786376953,113.31999969482422,114.5199966430664,290700,0.0,0.0
2010-07-09 00:00:00-04:00,114.63999938964844,115.94000244140625,114.3499984741211,115.9000015258789,100800,0.0,0.0
2010-07-12 00:00:00-04:00,115.73999786376953,116.70999908447266,115.23999786376953,116.05999755859375,184000,0.0,0.0
2010-07-13 00:00:00-04:00,117.2699966430664,118.73999786376953,116.98999786376953,117.9000015258789,157100,0.0,0.0
2010-07-14 00:00:00-04:00,117.73999786376953,118.7300033569336,117.22000122070312,118.6500015258789,133600,0.0,0.0
2010-07-15 00:00:00-04:00,118.80000305175781,119.30000305175781,117.44000244140625,118.48999786376953,154200,0.0,0.0
2010-07-16 00:00:00-04:00,117.87999725341797,118.05000305175781,116.05999755859375,116.27999877929688,177700,0.0,0.0
2010-07-19 00:00:00-04:00,115.9000015258789,117.4000015258789,115.9000015258789,116.77999877929688,190800,0.0,0.0
2010-07-20 00:00:00-04:00,115.69000244140625,117.08000183105469,115.69000244140625,117.0,432600,0.0,0.0
2010-07-21 00:00:00-04:00,117.30000305175781,118.44999694824219,116.27999877929688,117.30999755859375,321000,0.0,0.0
2010-07-22 00:00:00-04:00,118.5199966430664,121.38999938964844,118.02999877929688,121.23999786376953,340300,0.0,0.0
2010-07-23 00:00:00-04:00,121.48999786376953,122.7699966430664,118.93000030517578,120.93000030517578,385600,0.0,0.0
2010-07-26 00:00:00-04:00,121.54000091552734,123.13999938964844,120.69999694824219,122.29000091552734,200600,0.0,0.0
2010-07-27 00:00:00-04:00,122.5999984741211,122.5999984741211,118.37999725341797,118.44000244140625,294500,0.0,0.0
2010-07-28 00:00:00-04:00,118.52999877929688,120.23999786376953,118.08999633789062,118.25,238000,0.0,0.0
2010-07-29 00:00:00-04:00,119.0,119.51000213623047,115.68000030517578,116.7699966430664,216300,0.0,0.0
2010-07-30 00:00:00-04:00,115.81999969482422,117.54000091552734,115.23999786376953,116.80000305175781,171000,0.0,0.0
2010-08-02 00:00:00-04:00,118.2699966430664,118.5,117.76000213623047,118.44000244140625,171900,0.0,0.0
2010-08-03 00:00:00-04:00,118.27999877929688,120.2699966430664,117.7300033569336,118.7300033569336,150700,0.0,0.0
2010-08-04 00:00:00-04:00,118.56999969482422,121.23999786376953,118.5,121.06999969482422,169400,0.0,0.0
2010-08-05 00:00:00-04:00,121.02999877929688,121.55999755859375,120.18000030517578,121.18000030517578,93600,0.0,0.0
2010-08-06 00:00:00-04:00,120.0,121.41999816894531,118.97000122070312,121.31999969482422,122200,0.0,0.0
2010-08-09 00:00:00-04:00,122.19000244140625,122.4800033569336,121.22000122070312,122.30999755859375,106300,0.0,0.0
2010-08-10 00:00:00-04:00,120.54000091552734,121.56999969482422,119.55000305175781,120.12999725341797,90500,0.0,0.0
2010-08-11 00:00:00-04:00,118.44000244140625,119.01000213623047,115.7699966430664,116.13999938964844,154100,0.0,0.0
2010-08-12 00:00:00-04:00,114.88999938964844,115.41000366210938,113.87999725341797,114.44000244140625,172100,0.0,0.0
2010-08-13 00:00:00-04:00,114.16000366210938,114.68000030517578,113.30000305175781,113.55999755859375,122300,0.0,0.0
2010-08-16 00:00:00-04:00,112.91000366210938,114.87999725341797,112.56999969482422,114.2699966430664,72200,0.0,0.0
2010-08-17 00:00:00-04:00,115.1500015258789,119.41999816894531,115.0,118.4000015258789,159000,0.0,0.0
2010-08-18 00:00:00-04:00,118.4000015258789,118.41999816894531,116.73999786376953,116.73999786376953,150800,0.0,0.0
2010-08-19 00:00:00-04:00,115.8499984741211,116.62999725341797,113.66999816894531,114.25,160100,0.0,0.0
2010-08-20 00:00:00-04:00,113.47000122070312,113.87000274658203,111.54000091552734,113.6500015258789,180300,0.0,0.0
2010-08-23 00:00:00-04:00,114.2699966430664,115.29000091552734,112.55000305175781,112.76000213623047,98800,0.0,0.0
2010-08-24 00:00:00-04:00,111.33000183105469,111.41000366210938,108.87999725341797,110.1500015258789,166200,0.0,0.0
2010-08-25 00:00:00-04:00,109.33999633789062,110.69000244140625,107.9000015258789,110.30000305175781,256700,0.0,0.0
2010-08-26 00:00:00-04:00,110.55999755859375,113.62999725341797,109.45999908447266,110.37000274658203,181900,0.0,0.0
2010-08-27 00:00:00-04:00,110.94999694824219,111.98999786376953,109.7699966430664,111.72000122070312,151200,0.0,0.0
2010-08-30 00:00:00-04:00,111.25,112.62999725341797,109.87999725341797,109.9000015258789,88600,0.0,0.0
2010-08-31 00:00:00-04:00,108.6500015258789,112.0199966430664,108.12000274658203,110.58999633789062,290200,0.0,0.0
2010-09-01 00:00:00-04:00,111.58999633789062,115.2699966430664,111.58999633789062,114.98999786376953,183300,0.0,0.0
2010-09-02 00:00:00-04:00,114.69000244140625,116.45999908447266,114.69000244140625,116.0,97100,0.0,0.0
2010-09-03 00:00:00-04:00,117.19000244140625,119.22000122070312,117.0199966430664,118.51000213623047,134500,0.0,0.0
2010-09-07 00:00:00-04:00,118.58999633789062,120.33999633789062,116.80000305175781,117.16000366210938,111500,0.0,0.0
2010-09-08 00:00:00-04:00,117.51000213623047,118.36000061035156,117.13999938964844,117.26000213623047,103500,0.0,0.0
2010-09-09 00:00:00-04:00,118.5999984741211,118.91999816894531,117.58999633789062,117.88999938964844,109100,0.0,0.0
2010-09-10 00:00:00-04:00,117.94000244140625,118.56999969482422,117.58999633789062,117.80999755859375,91900,0.0,0.0
2010-09-13 00:00:00-04:00,119.0,120.79000091552734,118.86000061035156,120.3499984741211,151900,0.0,0.0
2010-09-14 00:00:00-04:00,120.22000122070312,123.19000244140625,120.02999877929688,123.05999755859375,178900,0.0,0.0
2010-09-15 00:00:00-04:00,122.9800033569336,124.91999816894531,122.18000030517578,123.77999877929688,115400,0.0,0.0
2010-09-16 00:00:00-04:00,123.44999694824219,124.68000030517578,123.20999908447266,123.76000213623047,93300,0.0,0.0
2010-09-17 00:00:00-04:00,124.02999877929688,124.38999938964844,123.12999725341797,123.58000183105469,221800,0.0,0.0
2010-09-20 00:00:00-04:00,123.75,125.0,123.45999908447266,123.5,218800,0.0,0.0
2010-09-21 00:00:00-04:00,123.4000015258789,123.9000015258789,122.25,122.87999725341797,170700,0.0,0.0
2010-09-22 00:00:00-04:00,122.29000091552734,123.05999755859375,120.5,121.18000030517578,228700,0.0,0.0
2010-09-23 00:00:00-04:00,120.70999908447266,122.5,119.95999908447266,120.05000305175781,130700,0.0,0.0
2010-09-24 00:00:00-04:00,121.08999633789062,124.23999786376953,120.87999725341797,123.6500015258789,124400,0.0,0.0
2010-09-27 00:00:00-04:00,123.55999755859375,123.87999725341797,122.37999725341797,123.2699966430664,131100,0.0,0.0
2010-09-28 00:00:00-04:00,123.7699966430664,124.41000366210938,122.31999969482422,123.79000091552734,185900,0.0,0.0
2010-09-29 00:00:00-04:00,123.76000213623047,124.91000366210938,123.16000366210938,124.19000244140625,144300,0.0,0.0
2010-09-30 00:00:00-04:00,125.0,126.83000183105469,124.26000213623047,124.44000244140625,274100,0.0,0.0
2010-10-01 00:00:00-04:00,125.37999725341797,125.98999786376953,124.0,124.98999786376953,126200,0.0,0.0
2010-10-04 00:00:00-04:00,124.30000305175781,125.23999786376953,122.5199966430664,123.27999877929688,105100,0.0,0.0
2010-10-05 00:00:00-04:00,124.16000366210938,127.0,124.16000366210938,126.5199966430664,85400,0.0,0.0
2010-10-06 00:00:00-04:00,126.13999938964844,127.0,124.69000244140625,125.0,90700,0.0,0.0
2010-10-07 00:00:00-04:00,125.33999633789062,125.52999877929688,123.83000183105469,124.75,73400,0.0,0.0
2010-10-08 00:00:00-04:00,124.68000030517578,126.5,124.20999908447266,125.81999969482422,65600,0.0,0.0
2010-10-11 00:00:00-04:00,125.79000091552734,126.25,125.23999786376953,125.9800033569336,83800,0.0,0.0
2010-10-12 00:00:00-04:00,125.87999725341797,126.26000213623047,123.87999725341797,125.33000183105469,127800,0.0,0.0
2010-10-13 00:00:00-04:00,126.43000030517578,128.25999450683594,126.12999725341797,127.54000091552734,118000,0.0,0.0
2010-10-14 00:00:00-04:00,127.30000305175781,127.76000213623047,125.20999908447266,125.62999725341797,103900,0.0,0.0
2010-10-15 00:00:00-04:00,126.45999908447266,126.48999786376953,124.66999816894531,125.69999694824219,121000,0.0,0.0
2010-10-18 00:00:00-04:00,125.61000061035156,127.83000183105469,125.61000061035156,127.72000122070312,83700,0.0,0.0
2010-10-19 00:00:00-04:00,125.87000274658203,127.30999755859375,124.77999877929688,125.5199966430664,117000,0.0,0.0
2010-10-20 00:00:00-04:00,125.98999786376953,129.47999572753906,125.9000015258789,127.81999969482422,108100,0.0,0.0
2010-10-21 00:00:00-04:00,128.44000244140625,130.47999572753906,128.44000244140625,129.72999572753906,137900,0.0,0.0
2010-10-22 00:00:00-04:00,129.6300048828125,131.1699981689453,129.2100067138672,131.00999450683594,144300,0.0,0.0
2010-10-25 00:00:00-04:00,131.64999389648438,132.7100067138672,131.41000366210938,132.00999450683594,146700,0.0,0.0
2010-10-26 00:00:00-04:00,131.88999938964844,131.97000122070312,130.11000061035156,131.0,166600,0.0,0.0
2010-10-27 00:00:00-04:00,130.08999633789062,131.9600067138672,129.94000244140625,130.8699951171875,111700,0.0,0.0
2010-10-28 00:00:00-04:00,131.7899932861328,132.74000549316406,130.35000610351562,132.0500030517578,57600,0.0,0.0
2010-10-29 00:00:00-04:00,131.58999633789062,133.02000427246094,130.39999389648438,130.55999755859375,120300,0.0,0.0
2010-11-01 00:00:00-04:00,131.50999450683594,132.75999450683594,130.67999267578125,132.08999633789062,108200,0.0,0.0
2010-11-02 00:00:00-04:00,133.52000427246094,134.39999389648438,133.32000732421875,134.0,83900,0.0,0.0
2010-11-03 00:00:00-04:00,134.0,134.0,131.52000427246094,133.0,208600,0.0,0.0
2010-11-04 00:00:00-04:00,134.25,136.97000122070312,133.6199951171875,136.22000122070312,172300,0.0,0.0
2010-11-05 00:00:00-04:00,139.64999389648438,141.80999755859375,139.25,141.47999572753906,272200,0.0,0.0
2010-11-08 00:00:00-05:00,136.4499969482422,141.0500030517578,135.5,140.47000122070312,211800,0.0,0.0
2010-11-09 00:00:00-05:00,140.5500030517578,140.94000244140625,138.89999389648438,139.17999267578125,139000,0.0,0.0
2010-11-10 00:00:00-05:00,138.97000122070312,146.35000610351562,137.61000061035156,143.67999267578125,310400,0.0,0.0
2010-11-11 00:00:00-05:00,142.5,145.02000427246094,141.75999450683594,144.44000244140625,145500,0.0,0.0
2010-11-12 00:00:00-05:00,142.6699981689453,144.10000610351562,141.57000732421875,142.38999938964844,138400,0.0,0.0
2010-11-15 00:00:00-05:00,142.66000366210938,144.85000610351562,142.33999633789062,144.22999572753906,124000,0.0,0.0
2010-11-16 00:00:00-05:00,143.0500030517578,143.19000244140625,138.6999969482422,139.32000732421875,162600,0.0,0.0
2010-11-17 00:00:00-05:00,139.2100067138672,141.55999755859375,139.08999633789062,141.1300048828125,141000,0.0,0.0
2010-11-18 00:00:00-05:00,142.11000061035156,144.07000732421875,142.0,142.32000732421875,195200,0.0,0.0
2010-11-19 00:00:00-05:00,142.3000030517578,143.5800018310547,141.99000549316406,143.32000732421875,69400,0.0,0.0
2010-11-22 00:00:00-05:00,142.33999633789062,145.24000549316406,142.33999633789062,144.77999877929688,133900,0.0,0.0
2010-11-23 00:00:00-05:00,143.0500030517578,143.10000610351562,141.55999755859375,142.35000610351562,162000,0.0,0.0
2010-11-24 00:00:00-05:00,143.52000427246094,149.19000244140625,143.47000122070312,146.8000030517578,243300,0.0,0.0
2010-11-26 00:00:00-05:00,145.88999938964844,146.8699951171875,145.5500030517578,146.0800018310547,60800,0.0,0.0
2010-11-29 00:00:00-05:00,145.24000549316406,146.82000732421875,144.72999572753906,146.30999755859375,174300,0.0,0.0
2010-11-30 00:00:00-05:00,144.75,146.25,144.6999969482422,145.17999267578125,122500,0.0,0.0
2010-12-01 00:00:00-05:00,146.9600067138672,147.13999938964844,144.69000244140625,145.92999267578125,241100,0.0,0.0
2010-12-02 00:00:00-05:00,145.91000366210938,149.7100067138672,145.91000366210938,149.22999572753906,142700,0.0,0.0
2010-12-03 00:00:00-05:00,148.49000549316406,151.72999572753906,148.49000549316406,151.14999389648438,100600,0.0,0.0
2010-12-06 00:00:00-05:00,150.99000549316406,151.2100067138672,149.8699951171875,150.8699951171875,61700,0.0,0.0
2010-12-07 00:00:00-05:00,152.47000122070312,153.8000030517578,151.5800018310547,152.72000122070312,132100,0.0,0.0
2010-12-08 00:00:00-05:00,152.61000061035156,153.5800018310547,151.63999938964844,152.47999572753906,97000,0.0,0.0
2010-12-09 00:00:00-05:00,153.5500030517578,154.49000549316406,152.24000549316406,154.1300048828125,103500,0.0,0.0
2010-12-10 00:00:00-05:00,154.07000732421875,156.85000610351562,153.86000061035156,155.19000244140625,159000,0.0,0.0
2010-12-13 00:00:00-05:00,155.24000549316406,159.07000732421875,155.05999755859375,157.5500030517578,156300,0.0,0.0
2010-12-14 00:00:00-05:00,157.5500030517578,158.35000610351562,156.2899932861328,157.0800018310547,135300,0.0,0.0
2010-12-15 00:00:00-05:00,156.5500030517578,157.94000244140625,152.83999633789062,153.36000061035156,266500,0.0,0.0
2010-12-16 00:00:00-05:00,153.47999572753906,155.61000061035156,153.4199981689453,155.36000061035156,167900,0.0,0.0
2010-12-17 00:00:00-05:00,155.6300048828125,158.47000122070312,154.16000366210938,157.4499969482422,194400,0.0,0.0
2010-12-20 00:00:00-05:00,157.63999938964844,158.61000061035156,155.35000610351562,156.92999267578125,103500,0.0,0.0
2010-12-21 00:00:00-05:00,157.4199981689453,157.9199981689453,154.85000610351562,154.99000549316406,153600,0.0,0.0
2010-12-22 00:00:00-05:00,155.41000366210938,156.0,153.47000122070312,153.9499969482422,182500,0.0,0.0
2010-12-23 00:00:00-05:00,153.74000549316406,154.5,153.19000244140625,153.3000030517578,54100,0.0,0.0
2010-12-27 00:00:00-05:00,152.91000366210938,153.0,152.0,152.63999938964844,105700,0.0,0.0
2010-12-28 00:00:00-05:00,152.94000244140625,153.47000122070312,152.08999633789062,153.14999389648438,83200,0.0,0.0
2010-12-29 00:00:00-05:00,153.38999938964844,153.99000549316406,152.11000061035156,152.58999633789062,67100,0.0,0.0
2010-12-30 00:00:00-05:00,152.19000244140625,154.17999267578125,151.57000732421875,152.52000427246094,34900,0.0,0.0
2010-12-31 00:00:00-05:00,152.11000061035156,152.97000122070312,151.2100067138672,151.2100067138672,63400,0.0,0.0
2011-01-03 00:00:00-05:00,152.41000366210938,154.85000610351562,152.41000366210938,153.22999572753906,86000,0.0,0.0
2011-01-04 00:00:00-05:00,151.8800048828125,152.86000061035156,148.24000549316406,151.55999755859375,159200,0.0,0.0
2011-01-05 00:00:00-05:00,151.13999938964844,153.6699981689453,150.5399932861328,150.63999938964844,122100,0.0,0.0
2011-01-06 00:00:00-05:00,150.47999572753906,152.1199951171875,149.72000122070312,150.4199981689453,70700,0.0,0.0
2011-01-07 00:00:00-05:00,150.3699951171875,151.33999633789062,146.55999755859375,147.22999572753906,141300,0.0,0.0
2011-01-10 00:00:00-05:00,146.6999969482422,151.3300018310547,145.52999877929688,150.52000427246094,153600,0.0,0.0
2011-01-11 00:00:00-05:00,151.36000061035156,154.02999877929688,151.36000061035156,152.05999755859375,100800,0.0,0.0
2011-01-12 00:00:00-05:00,153.3800048828125,153.3800048828125,150.3800048828125,151.0500030517578,110000,0.0,0.0
2011-01-13 00:00:00-05:00,151.25,151.72999572753906,149.9499969482422,150.44000244140625,65800,0.0,0.0
2011-01-14 00:00:00-05:00,150.41000366210938,152.44000244140625,149.97999572753906,151.57000732421875,126000,0.0,0.0
2011-01-18 00:00:00-05:00,151.19000244140625,155.72000122070312,150.86000061035156,155.72000122070312,193700,0.0,0.0
2011-01-19 00:00:00-05:00,155.3800048828125,156.85000610351562,152.25999450683594,153.16000366210938,225900,0.0,0.0
2011-01-20 00:00:00-05:00,152.2899932861328,153.3300018310547,149.02000427246094,149.55999755859375,165900,0.0,0.0
2011-01-21 00:00:00-05:00,150.47999572753906,150.55999755859375,148.0500030517578,149.80999755859375,142300,0.0,0.0
2011-01-24 00:00:00-05:00,149.89999389648438,150.49000549316406,149.0500030517578,149.5800018310547,103900,0.0,0.0
2011-01-25 00:00:00-05:00,148.97999572753906,151.3699951171875,148.91000366210938,151.33999633789062,103600,0.0,0.0
2011-01-26 00:00:00-05:00,151.42999267578125,152.3300018310547,150.75999450683594,151.0500030517578,90700,0.0,0.0
2011-01-27 00:00:00-05:00,150.67999267578125,151.85000610351562,150.08999633789062,150.63999938964844,72500,0.0,0.0
2011-01-28 00:00:00-05:00,150.85000610351562,151.22999572753906,147.0,147.55999755859375,115700,0.0,0.0
2011-01-31 00:00:00-05:00,147.52000427246094,150.4499969482422,147.52000427246094,149.19000244140625,69000,0.0,0.0
2011-02-01 00:00:00-05:00,150.3800048828125,153.6300048828125,150.3800048828125,152.86000061035156,150700,0.0,0.0
2011-02-02 00:00:00-05:00,152.1699981689453,153.3699951171875,150.75,150.77000427246094,60900,0.0,0.0
2011-02-03 00:00:00-05:00,150.80999755859375,152.49000549316406,149.25999450683594,151.35000610351562,52400,0.0,0.0
2011-02-04 00:00:00-05:00,151.64999389648438,153.27000427246094,151.25999450683594,152.72000122070312,49100,0.0,0.0
2011-02-07 00:00:00-05:00,153.2899932861328,155.89999389648438,152.6300048828125,155.77999877929688,121400,0.0,0.0
2011-02-08 00:00:00-05:00,155.82000732421875,162.16000366210938,155.69000244140625,161.02999877929688,183700,0.0,0.0
2011-02-09 00:00:00-05:00,160.2100067138672,160.92999267578125,158.25999450683594,159.3000030517578,139500,0.0,0.0
2011-02-10 00:00:00-05:00,159.27000427246094,159.47999572753906,157.00999450683594,159.35000610351562,201400,0.0,0.0
2011-02-11 00:00:00-05:00,160.6699981689453,167.38999938964844,160.6699981689453,167.11000061035156,448700,0.0,0.0
2011-02-14 00:00:00-05:00,167.77999877929688,169.0,166.6999969482422,168.67999267578125,196900,0.0,0.0
2011-02-15 00:00:00-05:00,169.0,169.0,167.14999389648438,167.74000549316406,173500,0.0,0.0
2011-02-16 00:00:00-05:00,168.10000610351562,169.66000366210938,167.25,167.4600067138672,186100,0.0,0.0
2011-02-17 00:00:00-05:00,167.4499969482422,169.7899932861328,166.63999938964844,169.16000366210938,147000,0.0,0.0
2011-02-18 00:00:00-05:00,169.0,169.67999267578125,168.0,169.27999877929688,130800,0.0,0.0
2011-02-22 00:00:00-05:00,167.35000610351562,169.27999877929688,166.24000549316406,168.02000427246094,151300,0.0,0.0
2011-02-23 00:00:00-05:00,167.61000061035156,168.8300018310547,163.75999450683594,167.8699951171875,280800,0.0,0.0
2011-02-24 00:00:00-05:00,167.4199981689453,170.7899932861328,166.82000732421875,168.25999450683594,223600,0.0,0.0
2011-02-25 00:00:00-05:00,168.83999633789062,171.5399932861328,168.3000030517578,171.00999450683594,232700,0.0,0.0
2011-02-28 00:00:00-05:00,171.5,173.94000244140625,171.02999877929688,171.3699951171875,221300,0.0,0.0
2011-03-01 00:00:00-05:00,173.0500030517578,174.36000061035156,169.5,171.2100067138672,214200,0.0,0.0
2011-03-02 00:00:00-05:00,171.13999938964844,173.63999938964844,169.77999877929688,170.55999755859375,142600,0.0,0.0
2011-03-03 00:00:00-05:00,172.52000427246094,176.16000366210938,172.11000061035156,175.5399932861328,159200,0.0,0.0
2011-03-04 00:00:00-05:00,174.8800048828125,177.38999938964844,174.3699951171875,177.07000732421875,149800,0.0,0.0
2011-03-07 00:00:00-05:00,175.3000030517578,177.0,171.02999877929688,171.77000427246094,173900,0.0,0.0
2011-03-08 00:00:00-05:00,172.63999938964844,177.16000366210938,172.0,174.72999572753906,154800,0.0,0.0
2011-03-09 00:00:00-05:00,174.5500030517578,175.75,172.30999755859375,174.72000122070312,114300,0.0,0.0
2011-03-10 00:00:00-05:00,172.32000732421875,172.72000122070312,169.2100067138672,171.0500030517578,105500,0.0,0.0
2011-03-11 00:00:00-05:00,169.9600067138672,171.69000244140625,169.14999389648438,170.3800048828125,83300,0.0,0.0
2011-03-14 00:00:00-04:00,168.91000366210938,170.1999969482422,166.72999572753906,168.35000610351562,118500,0.0,0.0
2011-03-15 00:00:00-04:00,165.58999633789062,167.16000366210938,161.72999572753906,165.8300018310547,241100,0.0,0.0
2011-03-16 00:00:00-04:00,164.5,167.6999969482422,163.0800018310547,163.8800048828125,187300,0.0,0.0
2011-03-17 00:00:00-04:00,165.67999267578125,166.99000549316406,164.0,164.7899932861328,101800,0.0,0.0
2011-03-18 00:00:00-04:00,166.52999877929688,168.55999755859375,162.97999572753906,165.5500030517578,171400,0.0,0.0
2011-03-21 00:00:00-04:00,168.02999877929688,172.91000366210938,168.02999877929688,172.25,154200,0.0,0.0
2011-03-22 00:00:00-04:00,172.24000549316406,173.35000610351562,170.0500030517578,171.9600067138672,100300,0.0,0.0
2011-03-23 00:00:00-04:00,171.19000244140625,172.88999938964844,170.05999755859375,171.7100067138672,90100,0.0,0.0
2011-03-24 00:00:00-04:00,172.74000549316406,173.2899932861328,166.99000549316406,170.1699981689453,246800,0.0,0.0
2011-03-25 00:00:00-04:00,170.7899932861328,175.35000610351562,169.97999572753906,172.05999755859375,158700,0.0,0.0
2011-03-28 00:00:00-04:00,172.63999938964844,173.17999267578125,169.35000610351562,169.3800048828125,164600,0.0,0.0
2011-03-29 00:00:00-04:00,170.0800018310547,171.13999938964844,168.63999938964844,170.80999755859375,141800,0.0,0.0
2011-03-30 00:00:00-04:00,171.27000427246094,172.33999633789062,170.52000427246094,170.92999267578125,165200,0.0,0.0
2011-03-31 00:00:00-04:00,170.47000122070312,172.24000549316406,170.47000122070312,172.0,115200,0.0,0.0
2011-04-01 00:00:00-04:00,172.0,172.72000122070312,169.57000732421875,172.1699981689453,154600,0.0,0.0
2011-04-04 00:00:00-04:00,173.0,173.5399932861328,170.88999938964844,172.55999755859375,90500,0.0,0.0
2011-04-05 00:00:00-04:00,171.9499969482422,176.92999267578125,171.0,175.49000549316406,141400,0.0,0.0
2011-04-06 00:00:00-04:00,176.22000122070312,176.99000549316406,174.39999389648438,175.6699981689453,105500,0.0,0.0
2011-04-07 00:00:00-04:00,175.8699951171875,176.6199951171875,174.14999389648438,174.83999633789062,81600,0.0,0.0
2011-04-08 00:00:00-04:00,175.9199981689453,175.9199981689453,172.7899932861328,173.8800048828125,71600,0.0,0.0
2011-04-11 00:00:00-04:00,174.30999755859375,175.22000122070312,172.2899932861328,173.39999389648438,46700,0.0,0.0
2011-04-12 00:00:00-04:00,172.52999877929688,173.32000732421875,169.49000549316406,170.44000244140625,121300,0.0,0.0
2011-04-13 00:00:00-04:00,170.8699951171875,172.91000366210938,169.66000366210938,172.60000610351562,103700,0.0,0.0
2011-04-14 00:00:00-04:00,171.36000061035156,172.5500030517578,169.50999450683594,169.80999755859375,109200,0.0,0.0
2011-04-15 00:00:00-04:00,169.74000549316406,171.05999755859375,169.1999969482422,170.7100067138672,143900,0.0,0.0
2011-04-18 00:00:00-04:00,168.0,168.14999389648438,164.22000122070312,167.16000366210938,132400,0.0,0.0
2011-04-19 00:00:00-04:00,167.14999389648438,169.2100067138672,166.30999755859375,167.27000427246094,117500,0.0,0.0
2011-04-20 00:00:00-04:00,169.9499969482422,174.97999572753906,169.86000061035156,174.1999969482422,131700,0.0,0.0
2011-04-21 00:00:00-04:00,174.6699981689453,177.4600067138672,174.25999450683594,176.55999755859375,86300,0.0,0.0
2011-04-25 00:00:00-04:00,175.8699951171875,176.67999267578125,172.3699951171875,174.60000610351562,70900,0.0,0.0
2011-04-26 00:00:00-04:00,176.1699981689453,182.32000732421875,175.22999572753906,180.88999938964844,249400,0.0,0.0
2011-04-27 00:00:00-04:00,181.36000061035156,183.75999450683594,180.19000244140625,183.74000549316406,247200,0.0,0.0
2011-04-28 00:00:00-04:00,183.58999633789062,184.55999755859375,183.4199981689453,183.8699951171875,120400,0.0,0.0
2011-04-29 00:00:00-04:00,184.0,188.3800048828125,182.8300018310547,187.39999389648438,219000,0.0,0.0
2011-05-02 00:00:00-04:00,188.63999938964844,193.55999755859375,186.97999572753906,191.9499969482422,353100,0.0,0.0
2011-05-03 00:00:00-04:00,191.6999969482422,192.5800018310547,187.89999389648438,189.1699981689453,395800,0.0,0.0
2011-05-04 00:00:00-04:00,187.9600067138672,190.1300048828125,185.02000427246094,187.63999938964844,361800,0.0,0.0
2011-05-05 00:00:00-04:00,185.5,186.8300018310547,172.00999450683594,173.4600067138672,872500,0.0,0.0
2011-05-06 00:00:00-04:00,182.5399932861328,182.57000732421875,172.58999633789062,173.3000030517578,262300,0.0,0.0
2011-05-09 00:00:00-04:00,172.60000610351562,175.8000030517578,172.07000732421875,174.85000610351562,156000,0.0,0.0
2011-05-10 00:00:00-04:00,175.16000366210938,179.07000732421875,175.02000427246094,178.66000366210938,207000,0.0,0.0
2011-05-11 00:00:00-04:00,177.52999877929688,179.0800018310547,174.57000732421875,176.35000610351562,138200,0.0,0.0
2011-05-12 00:00:00-04:00,175.5,176.6199951171875,174.1300048828125,175.8000030517578,132000,0.0,0.0
2011-05-13 00:00:00-04:00,176.4199981689453,176.47999572753906,172.89999389648438,173.7899932861328,105600,0.0,0.0
2011-05-16 00:00:00-04:00,173.3699951171875,175.00999450683594,172.00999450683594,173.1999969482422,121100,0.0,0.0
2011-05-17 00:00:00-04:00,171.5399932861328,172.07000732421875,168.0,169.2899932861328,172900,0.0,0.0
2011-05-18 00:00:00-04:00,169.72999572753906,171.8699951171875,169.72999572753906,170.75,195800,0.0,0.0
2011-05-19 00:00:00-04:00,172.22999572753906,172.97999572753906,168.24000549316406,171.52999877929688,175300,0.0,0.0
2011-05-20 00:00:00-04:00,170.69000244140625,171.3000030517578,167.47999572753906,167.97999572753906,179000,0.0,0.0
2011-05-23 00:00:00-04:00,164.88999938964844,166.6199951171875,161.30999755859375,164.83999633789062,226800,0.0,0.0
2011-05-24 00:00:00-04:00,165.4199981689453,165.6999969482422,161.8800048828125,162.66000366210938,148800,0.0,0.0
2011-05-25 00:00:00-04:00,161.44000244140625,163.63999938964844,161.1199951171875,163.2899932861328,142500,0.0,0.0
2011-05-26 00:00:00-04:00,162.30999755859375,164.9199981689453,162.1999969482422,164.6199951171875,62300,0.0,0.0
2011-05-27 00:00:00-04:00,165.44000244140625,166.42999267578125,163.92999267578125,166.10000610351562,93100,0.0,0.0
2011-05-31 00:00:00-04:00,167.52000427246094,168.83999633789062,165.91000366210938,167.3699951171875,151800,0.0,0.0
2011-06-01 00:00:00-04:00,167.5800018310547,167.75,161.0500030517578,161.44000244140625,223200,0.0,0.0
2011-06-02 00:00:00-04:00,161.92999267578125,163.07000732421875,161.22999572753906,161.86000061035156,150600,0.0,0.0
2011-06-03 00:00:00-04:00,159.0800018310547,160.72999572753906,158.6199951171875,158.97000122070312,144600,0.0,0.0
2011-06-06 00:00:00-04:00,158.38999938964844,159.5,156.86000061035156,157.1300048828125,98600,0.0,0.0
2011-06-07 00:00:00-04:00,157.86000061035156,159.10000610351562,155.83999633789062,158.07000732421875,152000,0.0,0.0
2011-06-08 00:00:00-04:00,157.24000549316406,159.3300018310547,156.5500030517578,158.7100067138672,160200,0.0,0.0
2011-06-09 00:00:00-04:00,160.0,161.6300048828125,159.99000549316406,160.85000610351562,265600,0.0,0.0
2011-06-10 00:00:00-04:00,159.77000427246094,161.24000549316406,158.11000061035156,158.66000366210938,202400,0.0,0.0
2011-06-13 00:00:00-04:00,159.0399932861328,160.17999267578125,157.3000030517578,157.63999938964844,226300,0.0,0.0
2011-06-14 00:00:00-04:00,160.17999267578125,161.47000122070312,160.14999389648438,160.42999267578125,180800,0.0,0.0
2011-06-15 00:00:00-04:00,158.6199951171875,160.44000244140625,156.8699951171875,158.5500030517578,158600,0.0,0.0
2011-06-16 00:00:00-04:00,160.00999450683594,161.60000610351562,158.2899932861328,159.92999267578125,350100,0.0,0.0
2011-06-17 00:00:00-04:00,161.50999450683594,161.50999450683594,158.24000549316406,158.75999450683594,197600,0.0,0.0
2011-06-20 00:00:00-04:00,157.88999938964844,160.3300018310547,157.88999938964844,160.07000732421875,141200,0.0,0.0
2011-06-21 00:00:00-04:00,161.0,164.39999389648438,160.82000732421875,163.36000061035156,104400,0.0,0.0
2011-06-22 00:00:00-04:00,163.41000366210938,163.86000061035156,161.92999267578125,162.00999450683594,95700,0.0,0.0
2011-06-23 00:00:00-04:00,159.57000732421875,162.41000366210938,157.99000549316406,161.8699951171875,176300,0.0,0.0
2011-06-24 00:00:00-04:00,161.75,161.94000244140625,158.24000549316406,159.16000366210938,212700,0.0,0.0
2011-06-27 00:00:00-04:00,159.42999267578125,161.85000610351562,158.02000427246094,160.8000030517578,150200,0.0,0.0
2011-06-28 00:00:00-04:00,161.0800018310547,166.77999877929688,160.99000549316406,165.5,180500,0.0,0.0
2011-06-29 00:00:00-04:00,166.7899932861328,167.42999267578125,164.64999389648438,165.6199951171875,200000,0.0,0.0
2011-06-30 00:00:00-04:00,166.02999877929688,171.9600067138672,165.83999633789062,168.6699981689453,229200,0.0,0.0
2011-07-01 00:00:00-04:00,169.2899932861328,174.4499969482422,168.77999877929688,173.19000244140625,165100,0.0,0.0
2011-07-05 00:00:00-04:00,173.1300048828125,173.64999389648438,171.25999450683594,172.94000244140625,99500,0.0,0.0
2011-07-06 00:00:00-04:00,172.9199981689453,174.52000427246094,171.8800048828125,173.97999572753906,98100,0.0,0.0
2011-07-07 00:00:00-04:00,175.83999633789062,176.0,173.5500030517578,175.27999877929688,94600,0.0,0.0
2011-07-08 00:00:00-04:00,173.27999877929688,173.5,171.05999755859375,172.0500030517578,129800,0.0,0.0
2011-07-11 00:00:00-04:00,169.92999267578125,171.00999450683594,164.2899932861328,164.8800048828125,255300,0.0,0.0
2011-07-12 00:00:00-04:00,164.39999389648438,166.82000732421875,162.50999450683594,165.35000610351562,145200,0.0,0.0
2011-07-13 00:00:00-04:00,166.4199981689453,168.3000030517578,165.44000244140625,165.75999450683594,124000,0.0,0.0
2011-07-14 00:00:00-04:00,166.10000610351562,167.0,162.3000030517578,163.50999450683594,125500,0.0,0.0
2011-07-15 00:00:00-04:00,164.16000366210938,164.1999969482422,162.41000366210938,163.92999267578125,55500,0.0,0.0
2011-07-18 00:00:00-04:00,163.1999969482422,163.97999572753906,159.17999267578125,160.0,144500,0.0,0.0
2011-07-19 00:00:00-04:00,160.9600067138672,163.25999450683594,160.52999877929688,162.75,124300,0.0,0.0
2011-07-20 00:00:00-04:00,163.27999877929688,164.82000732421875,162.75,164.0500030517578,106400,0.0,0.0
2011-07-21 00:00:00-04:00,164.9499969482422,169.30999755859375,164.07000732421875,168.67999267578125,192700,0.0,0.0
2011-07-22 00:00:00-04:00,168.47000122070312,168.5500030517578,165.57000732421875,165.83999633789062,102000,0.0,0.0
2011-07-25 00:00:00-04:00,163.3800048828125,165.02999877929688,162.74000549316406,163.3000030517578,128800,0.0,0.0
2011-07-26 00:00:00-04:00,161.88999938964844,162.27999877929688,156.47999572753906,158.32000732421875,274300,0.0,0.0
2011-07-27 00:00:00-04:00,156.94000244140625,160.11000061035156,152.0,152.75,298400,0.0,0.0
2011-07-28 00:00:00-04:00,151.61000061035156,155.60000610351562,151.57000732421875,154.4199981689453,308000,0.0,0.0
2011-07-29 00:00:00-04:00,154.36000061035156,160.8800048828125,148.74000549316406,154.80999755859375,391600,0.0,0.0
2011-08-01 00:00:00-04:00,156.36000061035156,156.36000061035156,144.42999267578125,148.02000427246094,461200,0.0,0.0
2011-08-02 00:00:00-04:00,146.52000427246094,149.52999877929688,142.88999938964844,142.97000122070312,271600,0.0,0.0
2011-08-03 00:00:00-04:00,143.33999633789062,147.7100067138672,140.6699981689453,147.5800018310547,311700,0.0,0.0
2011-08-04 00:00:00-04:00,145.1999969482422,146.00999450683594,140.42999267578125,140.92999267578125,291200,0.0,0.0
2011-08-05 00:00:00-04:00,142.00999450683594,143.8699951171875,135.22000122070312,137.92999267578125,387800,0.0,0.0
2011-08-08 00:00:00-04:00,129.92999267578125,138.14999389648438,129.92999267578125,131.91000366210938,717700,0.0,0.0
2011-08-09 00:00:00-04:00,134.5399932861328,141.17999267578125,131.11000061035156,140.75999450683594,604800,0.0,0.0
2011-08-10 00:00:00-04:00,137.91000366210938,145.3699951171875,137.6300048828125,140.16000366210938,627700,0.0,0.0
2011-08-11 00:00:00-04:00,140.1699981689453,149.5800018310547,139.0800018310547,147.47999572753906,374400,0.0,0.0
2011-08-12 00:00:00-04:00,148.6999969482422,154.1999969482422,146.8000030517578,150.86000061035156,282000,0.0,0.0
2011-08-15 00:00:00-04:00,152.72999572753906,155.55999755859375,151.77000427246094,155.49000549316406,260300,0.0,0.0
2011-08-16 00:00:00-04:00,153.66000366210938,154.7100067138672,148.52999877929688,149.49000549316406,277200,0.0,0.0
2011-08-17 00:00:00-04:00,150.35000610351562,151.86000061035156,149.25999450683594,150.33999633789062,223100,0.0,0.0
2011-08-18 00:00:00-04:00,145.7100067138672,145.83999633789062,139.4199981689453,140.57000732421875,367300,0.0,0.0
2011-08-19 00:00:00-04:00,138.58999633789062,141.94000244140625,137.8000030517578,138.3300018310547,244300,0.0,0.0
2011-08-22 00:00:00-04:00,141.6699981689453,141.6699981689453,135.64999389648438,137.58999633789062,268300,0.0,0.0
2011-08-23 00:00:00-04:00,138.22999572753906,145.1199951171875,137.1699981689453,144.9600067138672,246500,0.0,0.0
2011-08-24 00:00:00-04:00,144.0,147.8699951171875,144.0,147.60000610351562,132400,0.0,0.0
2011-08-25 00:00:00-04:00,149.6300048828125,149.9199981689453,143.6999969482422,145.3699951171875,227900,0.0,0.0
2011-08-26 00:00:00-04:00,143.5800018310547,151.41000366210938,141.77000427246094,151.3800048828125,187200,0.0,0.0
2011-08-29 00:00:00-04:00,154.00999450683594,158.16000366210938,153.92999267578125,157.8000030517578,192700,0.0,0.0
2011-08-30 00:00:00-04:00,156.07000732421875,157.6699981689453,153.6999969482422,156.27999877929688,208300,0.0,0.0
2011-08-31 00:00:00-04:00,157.14999389648438,159.97999572753906,156.8300018310547,159.27000427246094,322300,0.0,0.0
2011-09-01 00:00:00-04:00,159.33999633789062,161.64999389648438,157.99000549316406,158.6300048828125,320700,0.0,0.0
2011-09-02 00:00:00-04:00,154.5,156.19000244140625,153.47000122070312,155.00999450683594,295300,0.0,0.0
2011-09-06 00:00:00-04:00,149.6999969482422,152.72000122070312,147.77000427246094,152.38999938964844,341300,0.0,0.0
2011-09-07 00:00:00-04:00,155.05999755859375,159.2899932861328,154.75999450683594,159.2899932861328,150500,0.0,0.0
2011-09-08 00:00:00-04:00,157.85000610351562,159.58999633789062,156.7100067138672,157.52000427246094,154800,0.0,0.0
2011-09-09 00:00:00-04:00,155.66000366210938,157.44000244140625,147.4499969482422,147.92999267578125,477200,0.0,0.0
2011-09-12 00:00:00-04:00,146.0500030517578,148.4499969482422,144.17999267578125,147.0399932861328,389000,0.0,0.0
2011-09-13 00:00:00-04:00,147.80999755859375,150.64999389648438,146.8800048828125,150.14999389648438,300000,0.0,0.0
2011-09-14 00:00:00-04:00,150.88999938964844,155.9499969482422,147.99000549316406,154.47999572753906,361600,0.0,0.0
2011-09-15 00:00:00-04:00,156.02000427246094,157.64999389648438,153.77000427246094,156.08999633789062,217700,0.0,0.0
2011-09-16 00:00:00-04:00,155.61000061035156,158.77999877929688,152.55999755859375,153.25,352300,0.0,0.0
2011-09-19 00:00:00-04:00,149.9600067138672,153.07000732421875,147.22000122070312,152.22999572753906,224400,0.0,0.0
2011-09-20 00:00:00-04:00,152.1300048828125,156.80999755859375,152.1300048828125,152.22999572753906,358800,0.0,0.0
2011-09-21 00:00:00-04:00,152.27999877929688,152.3800048828125,144.0399932861328,144.0399932861328,293800,0.0,0.0
2011-09-22 00:00:00-04:00,139.07000732421875,139.72000122070312,135.5,137.02999877929688,380500,0.0,0.0
2011-09-23 00:00:00-04:00,136.4499969482422,140.74000549316406,135.22000122070312,139.9600067138672,342900,0.0,0.0
2011-09-26 00:00:00-04:00,140.4600067138672,143.8699951171875,137.55999755859375,143.3699951171875,300500,0.0,0.0
2011-09-27 00:00:00-04:00,146.33999633789062,152.74000549316406,146.33999633789062,147.64999389648438,256200,0.0,0.0
2011-09-28 00:00:00-04:00,148.72000122070312,149.11000061035156,141.85000610351562,141.99000549316406,168100,0.0,0.0
2011-09-29 00:00:00-04:00,144.91000366210938,146.07000732421875,139.63999938964844,143.5800018310547,282800,0.0,0.0
2011-09-30 00:00:00-04:00,140.82000732421875,144.57000732421875,138.5800018310547,139.9600067138672,333700,0.0,0.0
2011-10-03 00:00:00-04:00,137.8800048828125,142.22999572753906,130.02999877929688,130.1199951171875,629800,0.0,0.0
2011-10-04 00:00:00-04:00,127.69999694824219,135.6699981689453,126.0999984741211,135.2899932861328,512600,0.0,0.0
2011-10-05 00:00:00-04:00,135.5399932861328,139.66000366210938,133.50999450683594,138.75999450683594,392200,0.0,0.0
2011-10-06 00:00:00-04:00,138.02000427246094,142.9199981689453,136.33999633789062,142.72000122070312,216000,0.0,0.0
2011-10-07 00:00:00-04:00,140.5500030517578,140.5500030517578,130.61000061035156,131.38999938964844,824000,0.0,0.0
2011-10-10 00:00:00-04:00,135.08999633789062,138.63999938964844,134.97999572753906,137.74000549316406,429300,0.0,0.0
2011-10-11 00:00:00-04:00,136.85000610351562,140.9600067138672,135.6699981689453,139.97000122070312,447700,0.0,0.0
2011-10-12 00:00:00-04:00,141.39999389648438,146.33999633789062,140.7899932861328,141.72999572753906,318200,0.0,0.0
2011-10-13 00:00:00-04:00,140.22999572753906,142.6300048828125,137.57000732421875,140.3300018310547,141400,0.0,0.0
2011-10-14 00:00:00-04:00,143.13999938964844,143.72000122070312,142.1199951171875,142.7100067138672,124600,0.0,0.0
2011-10-17 00:00:00-04:00,142.30999755859375,142.61000061035156,137.25999450683594,137.80999755859375,217000,0.0,0.0
2011-10-18 00:00:00-04:00,138.1199951171875,141.72999572753906,134.52999877929688,140.97999572753906,336500,0.0,0.0
2011-10-19 00:00:00-04:00,140.97999572753906,141.66000366210938,137.6999969482422,138.39999389648438,250400,0.0,0.0
2011-10-20 00:00:00-04:00,139.19000244140625,142.9199981689453,137.33999633789062,142.5800018310547,231400,0.0,0.0
2011-10-21 00:00:00-04:00,144.07000732421875,148.89999389648438,143.9499969482422,147.9199981689453,278500,0.0,0.0
2011-10-24 00:00:00-04:00,148.35000610351562,154.1999969482422,147.22000122070312,154.02999877929688,390400,0.0,0.0
2011-10-25 00:00:00-04:00,152.82000732421875,156.6199951171875,151.75,152.5800018310547,283000,0.0,0.0
2011-10-26 00:00:00-04:00,154.14999389648438,154.41000366210938,146.8699951171875,150.83999633789062,279000,0.0,0.0
2011-10-27 00:00:00-04:00,156.89999389648438,159.14999389648438,154.66000366210938,157.42999267578125,179600,0.0,0.0
2011-10-28 00:00:00-04:00,157.69000244140625,159.6699981689453,156.2100067138672,157.97000122070312,213300,0.0,0.0
2011-10-31 00:00:00-04:00,155.1999969482422,157.13999938964844,152.88999938964844,153.60000610351562,198300,0.0,0.0
2011-11-01 00:00:00-04:00,147.33999633789062,152.52000427246094,145.52000427246094,148.0800018310547,310000,0.0,0.0
2011-11-02 00:00:00-04:00,151.5800018310547,151.58999633789062,148.4499969482422,149.9499969482422,262100,0.0,0.0
2011-11-03 00:00:00-04:00,152.36000061035156,155.49000549316406,149.7100067138672,154.57000732421875,414300,0.0,0.0
2011-11-04 00:00:00-04:00,154.0,165.27000427246094,153.0,164.1999969482422,471700,0.0,0.0
2011-11-07 00:00:00-05:00,162.9499969482422,164.39999389648438,159.89999389648438,163.4199981689453,360600,0.0,0.0
2011-11-08 00:00:00-05:00,164.0,168.5,163.50999450683594,167.1300048828125,323200,0.0,0.0
2011-11-09 00:00:00-05:00,163.1999969482422,163.88999938964844,157.8300018310547,158.94000244140625,254500,0.0,0.0
2011-11-10 00:00:00-05:00,158.88999938964844,161.5,158.8699951171875,159.9499969482422,116200,0.0,0.0
2011-11-11 00:00:00-05:00,161.30999755859375,163.8699951171875,161.02000427246094,162.1300048828125,165300,0.0,0.0
2011-11-14 00:00:00-05:00,167.58999633789062,167.58999633789062,159.82000732421875,161.58999633789062,121800,0.0,0.0
2011-11-15 00:00:00-05:00,160.7100067138672,163.6999969482422,159.2100067138672,162.3699951171875,129500,0.0,0.0
2011-11-16 00:00:00-05:00,159.8000030517578,163.30999755859375,158.38999938964844,158.50999450683594,130900,0.0,0.0
2011-11-17 00:00:00-05:00,158.25999450683594,159.9199981689453,155.27999877929688,156.41000366210938,134800,0.0,0.0
2011-11-18 00:00:00-05:00,156.6300048828125,157.5800018310547,153.2899932861328,153.49000549316406,97600,0.0,0.0
2011-11-21 00:00:00-05:00,150.64999389648438,151.5399932861328,148.10000610351562,150.55999755859375,241000,0.0,0.0
2011-11-22 00:00:00-05:00,150.0800018310547,153.94000244140625,149.77000427246094,152.52000427246094,186500,0.0,0.0
2011-11-23 00:00:00-05:00,150.80999755859375,150.80999755859375,148.2100067138672,149.50999450683594,155100,0.0,0.0
2011-11-25 00:00:00-05:00,148.4199981689453,151.0,147.91000366210938,148.55999755859375,88800,0.0,0.0
2011-11-28 00:00:00-05:00,154.60000610351562,155.2899932861328,151.9499969482422,153.41000366210938,194200,0.0,0.0
2011-11-29 00:00:00-05:00,153.13999938964844,153.75,152.07000732421875,153.3000030517578,122300,0.0,0.0
2011-11-30 00:00:00-05:00,158.86000061035156,160.74000549316406,157.55999755859375,159.8000030517578,203500,0.0,0.0
2011-12-01 00:00:00-05:00,158.0,161.14999389648438,157.55999755859375,158.42999267578125,171500,0.0,0.0
2011-12-02 00:00:00-05:00,159.63999938964844,160.99000549316406,158.07000732421875,158.82000732421875,174000,0.0,0.0
2011-12-05 00:00:00-05:00,161.4499969482422,164.8800048828125,160.36000061035156,161.77999877929688,250700,0.0,0.0
2011-12-06 00:00:00-05:00,161.60000610351562,162.3300018310547,160.1300048828125,161.74000549316406,121300,0.0,0.0
2011-12-07 00:00:00-05:00,159.75,159.75,156.9600067138672,158.14999389648438,281200,0.0,0.0
2011-12-08 00:00:00-05:00,156.89999389648438,157.0,151.9199981689453,152.3000030517578,237700,0.0,0.0
2011-12-09 00:00:00-05:00,152.52000427246094,158.4600067138672,152.52000427246094,157.5500030517578,110100,0.0,0.0
2011-12-12 00:00:00-05:00,154.91000366210938,155.63999938964844,150.75999450683594,151.9199981689453,132100,0.0,0.0
2011-12-13 00:00:00-05:00,152.97999572753906,153.86000061035156,149.32000732421875,150.08999633789062,146000,0.0,0.0
2011-12-14 00:00:00-05:00,149.0,149.4600067138672,143.55999755859375,145.91000366210938,186600,0.0,0.0
2011-12-15 00:00:00-05:00,147.83999633789062,148.35000610351562,144.66000366210938,145.3800048828125,155400,0.0,0.0
2011-12-16 00:00:00-05:00,145.75999450683594,149.58999633789062,143.5,146.7899932861328,311200,0.0,0.0
2011-12-19 00:00:00-05:00,148.1699981689453,148.9499969482422,142.82000732421875,143.30999755859375,228000,0.0,0.0
2011-12-20 00:00:00-05:00,146.30999755859375,149.83999633789062,146.00999450683594,149.77999877929688,171000,0.0,0.0
2011-12-21 00:00:00-05:00,149.63999938964844,149.9499969482422,145.75,148.8699951171875,107100,0.0,0.0
2011-12-22 00:00:00-05:00,149.3300018310547,151.25999450683594,149.3300018310547,150.25,80300,0.0,0.0
2011-12-23 00:00:00-05:00,150.6699981689453,150.85000610351562,149.58999633789062,150.1999969482422,43900,0.0,0.0
2011-12-27 00:00:00-05:00,149.75999450683594,151.55999755859375,149.75999450683594,150.4499969482422,77400,0.0,0.0
2011-12-28 00:00:00-05:00,149.14999389648438,149.6300048828125,145.0,145.8000030517578,182100,0.0,0.0
2011-12-29 00:00:00-05:00,146.24000549316406,148.27999877929688,144.77999877929688,148.02999877929688,239500,0.0,0.0
2011-12-30 00:00:00-05:00,147.9499969482422,148.77999877929688,146.77999877929688,147.7100067138672,71300,0.0,0.0
2012-01-03 00:00:00-05:00,151.7100067138672,154.36000061035156,150.6999969482422,152.38999938964844,186000,0.0,0.0
2012-01-04 00:00:00-05:00,152.30999755859375,153.1300048828125,150.55999755859375,152.19000244140625,175300,0.0,0.0
2012-01-05 00:00:00-05:00,150.92999267578125,154.33999633789062,150.22999572753906,153.91000366210938,151300,0.0,0.0
2012-01-06 00:00:00-05:00,155.11000061035156,157.58999633789062,153.67999267578125,155.36000061035156,142200,0.0,0.0
2012-01-09 00:00:00-05:00,156.08999633789062,157.17999267578125,155.2899932861328,156.14999389648438,131600,0.0,0.0
2012-01-10 00:00:00-05:00,158.1199951171875,162.97000122070312,157.8800048828125,161.6699981689453,201300,0.0,0.0
2012-01-11 00:00:00-05:00,160.99000549316406,163.0,158.7100067138672,162.3699951171875,172000,0.0,0.0
2012-01-12 00:00:00-05:00,162.94000244140625,164.08999633789062,161.0,163.77999877929688,126500,0.0,0.0
2012-01-13 00:00:00-05:00,162.1300048828125,163.69000244140625,161.85000610351562,163.58999633789062,145800,0.0,0.0
2012-01-17 00:00:00-05:00,165.69000244140625,169.67999267578125,164.83999633789062,168.17999267578125,218100,0.0,0.0
2012-01-18 00:00:00-05:00,166.49000549316406,171.36000061035156,166.25,171.1300048828125,129400,0.0,0.0
2012-01-19 00:00:00-05:00,171.49000549316406,173.4499969482422,170.67999267578125,172.02999877929688,181400,0.0,0.0
2012-01-20 00:00:00-05:00,171.41000366210938,172.0,169.6199951171875,171.58999633789062,103200,0.0,0.0
2012-01-23 00:00:00-05:00,171.85000610351562,173.30999755859375,169.36000061035156,171.52000427246094,96800,0.0,0.0
2012-01-24 00:00:00-05:00,171.1300048828125,177.25999450683594,169.66000366210938,172.19000244140625,289100,0.0,0.0
2012-01-25 00:00:00-05:00,172.6199951171875,176.5,172.6199951171875,175.77000427246094,104600,0.0,0.0
2012-01-26 00:00:00-05:00,176.41000366210938,177.11000061035156,174.30999755859375,174.8800048828125,141200,0.0,0.0
2012-01-27 00:00:00-05:00,173.5399932861328,177.17999267578125,173.32000732421875,176.41000366210938,114400,0.0,0.0
2012-01-30 00:00:00-05:00,174.8000030517578,177.02999877929688,173.44000244140625,175.97000122070312,71500,0.0,0.0
2012-01-31 00:00:00-05:00,177.60000610351562,177.8000030517578,174.10000610351562,175.5,127200,0.0,0.0
2012-02-01 00:00:00-05:00,177.07000732421875,179.72999572753906,176.16000366210938,179.11000061035156,184000,0.0,0.0
2012-02-02 00:00:00-05:00,179.4499969482422,180.89999389648438,179.10000610351562,180.02000427246094,84500,0.0,0.0
2012-02-03 00:00:00-05:00,183.33999633789062,185.27999877929688,181.35000610351562,183.86000061035156,225600,0.0,0.0
2012-02-06 00:00:00-05:00,182.17999267578125,183.44000244140625,179.27999877929688,180.8699951171875,163900,0.0,0.0
2012-02-07 00:00:00-05:00,179.97999572753906,182.52999877929688,178.8300018310547,179.61000061035156,261700,0.0,0.0
2012-02-08 00:00:00-05:00,179.61000061035156,186.38999938964844,179.61000061035156,183.27999877929688,331300,0.0,0.0
2012-02-09 00:00:00-05:00,182.57000732421875,186.3000030517578,180.64999389648438,184.8800048828125,415500,0.0,0.0
2012-02-10 00:00:00-05:00,180.5,182.69000244140625,175.74000549316406,181.13999938964844,272400,0.0,0.0
2012-02-13 00:00:00-05:00,181.8000030517578,183.4499969482422,180.88999938964844,181.75999450683594,196600,0.0,0.0
2012-02-14 00:00:00-05:00,179.99000549316406,181.8699951171875,179.36000061035156,180.5,194100,0.0,0.0
2012-02-15 00:00:00-05:00,181.24000549316406,182.85000610351562,178.05999755859375,178.44000244140625,206400,0.0,0.0
2012-02-16 00:00:00-05:00,178.8000030517578,181.82000732421875,178.07000732421875,181.25,171200,0.0,0.0
2012-02-17 00:00:00-05:00,181.72999572753906,181.72999572753906,177.61000061035156,178.38999938964844,164500,0.0,0.0
2012-02-21 00:00:00-05:00,178.61000061035156,179.9600067138672,176.10000610351562,178.61000061035156,172300,0.0,0.0
2012-02-22 00:00:00-05:00,177.5800018310547,180.4499969482422,177.0500030517578,179.60000610351562,139900,0.0,0.0
2012-02-23 00:00:00-05:00,179.72999572753906,181.4600067138672,178.47999572753906,180.5,92300,0.0,0.0
2012-02-24 00:00:00-05:00,180.57000732421875,183.3300018310547,180.5,180.9499969482422,150200,0.0,0.0
2012-02-27 00:00:00-05:00,179.05999755859375,184.67999267578125,178.6699981689453,184.11000061035156,209500,0.0,0.0
2012-02-28 00:00:00-05:00,184.24000549316406,186.4600067138672,181.99000549316406,182.0399932861328,283000,0.0,0.0
2012-02-29 00:00:00-05:00,182.0800018310547,182.85000610351562,178.5,180.27999877929688,222700,0.0,0.0
2012-03-01 00:00:00-05:00,180.91000366210938,184.0,179.8699951171875,183.2100067138672,175000,0.0,0.0
2012-03-02 00:00:00-05:00,182.58999633789062,183.91000366210938,179.5500030517578,180.10000610351562,141400,0.0,0.0
2012-03-05 00:00:00-05:00,179.5500030517578,181.9600067138672,176.33999633789062,177.19000244140625,353300,0.0,0.0
2012-03-06 00:00:00-05:00,169.6699981689453,174.92999267578125,169.6699981689453,172.9600067138672,314500,0.0,0.0
2012-03-07 00:00:00-05:00,172.52999877929688,175.5500030517578,172.52999877929688,175.17999267578125,174200,0.0,0.0
2012-03-08 00:00:00-05:00,176.86000061035156,178.58999633789062,176.3800048828125,177.77999877929688,161500,0.0,0.0
2012-03-09 00:00:00-05:00,178.17999267578125,181.1300048828125,177.9600067138672,179.91000366210938,156500,0.0,0.0
2012-03-12 00:00:00-04:00,179.55999755859375,180.24000549316406,177.07000732421875,177.7100067138672,131300,0.0,0.0
2012-03-13 00:00:00-04:00,179.11000061035156,180.8000030517578,177.92999267578125,180.8000030517578,132100,0.0,0.0
2012-03-14 00:00:00-04:00,180.57000732421875,180.92999267578125,176.77000427246094,177.8800048828125,171100,0.0,0.0
2012-03-15 00:00:00-04:00,177.77999877929688,181.91000366210938,177.32000732421875,181.77999877929688,154800,0.0,0.0
2012-03-16 00:00:00-04:00,181.58999633789062,184.75999450683594,181.4499969482422,184.1999969482422,228300,0.0,0.0
2012-03-19 00:00:00-04:00,183.97000122070312,185.14999389648438,182.1999969482422,184.14999389648438,142800,0.0,0.0
2012-03-20 00:00:00-04:00,183.67999267578125,184.88999938964844,183.0,184.0,251700,0.0,0.0
2012-03-21 00:00:00-04:00,184.47999572753906,185.33999633789062,183.49000549316406,184.60000610351562,134100,0.0,0.0
2012-03-22 00:00:00-04:00,182.89999389648438,183.2899932861328,180.3300018310547,183.0399932861328,330200,0.0,0.0
2012-03-23 00:00:00-04:00,182.80999755859375,183.5,180.67999267578125,183.5,169000,0.0,0.0
2012-03-26 00:00:00-04:00,185.02000427246094,189.3300018310547,184.92999267578125,188.72000122070312,225000,0.0,0.0
2012-03-27 00:00:00-04:00,188.8000030517578,190.02000427246094,187.3699951171875,189.6699981689453,196300,0.0,0.0
2012-03-28 00:00:00-04:00,190.0,190.0,183.0,183.75,297800,0.0,0.0
2012-03-29 00:00:00-04:00,183.11000061035156,183.35000610351562,180.77000427246094,183.02000427246094,208100,0.0,0.0
2012-03-30 00:00:00-04:00,183.05999755859375,186.42999267578125,181.97000122070312,184.75,216300,0.0,0.0
2012-04-02 00:00:00-04:00,184.1999969482422,186.57000732421875,182.69000244140625,184.1699981689453,177300,0.0,0.0
2012-04-03 00:00:00-04:00,184.38999938964844,186.25,182.8000030517578,185.0800018310547,138000,0.0,0.0
2012-04-04 00:00:00-04:00,183.05999755859375,184.35000610351562,179.6999969482422,182.6699981689453,205600,0.0,0.0
2012-04-05 00:00:00-04:00,181.94000244140625,182.47000122070312,180.77000427246094,181.41000366210938,126900,0.0,0.0
2012-04-09 00:00:00-04:00,177.02999877929688,179.5500030517578,177.0,178.22999572753906,135500,0.0,0.0
2012-04-10 00:00:00-04:00,178.22999572753906,178.67999267578125,173.5,173.57000732421875,199800,0.0,0.0
2012-04-11 00:00:00-04:00,175.91000366210938,176.77999877929688,174.24000549316406,174.61000061035156,279300,0.0,0.0
2012-04-12 00:00:00-04:00,174.75999450683594,179.94000244140625,174.5800018310547,179.8800048828125,272000,0.0,0.0
2012-04-13 00:00:00-04:00,179.07000732421875,180.80999755859375,177.25999450683594,177.57000732421875,140100,0.0,0.0
2012-04-16 00:00:00-04:00,178.6199951171875,179.8000030517578,175.16000366210938,176.1999969482422,140900,0.0,0.0
2012-04-17 00:00:00-04:00,177.24000549316406,180.1199951171875,176.47999572753906,179.0800018310547,98800,0.0,0.0
2012-04-18 00:00:00-04:00,178.1999969482422,179.3800048828125,177.27000427246094,177.6300048828125,121900,0.0,0.0
2012-04-19 00:00:00-04:00,178.11000061035156,179.36000061035156,173.97999572753906,176.3000030517578,156500,0.0,0.0
2012-04-20 00:00:00-04:00,177.5800018310547,179.25,176.77000427246094,176.7899932861328,82900,0.0,0.0
2012-04-23 00:00:00-04:00,175.0,175.47000122070312,171.6199951171875,173.4499969482422,284300,0.0,0.0
2012-04-24 00:00:00-04:00,170.0,173.25999450683594,170.0,171.92999267578125,306800,0.0,0.0
2012-04-25 00:00:00-04:00,174.3000030517578,177.6199951171875,173.25999450683594,177.25999450683594,202900,0.0,0.0
2012-04-26 00:00:00-04:00,177.0399932861328,180.05999755859375,176.77999877929688,179.0399932861328,136600,0.0,0.0
2012-04-27 00:00:00-04:00,180.0,180.60000610351562,178.92999267578125,179.0399932861328,122100,0.0,0.0
2012-04-30 00:00:00-04:00,178.80999755859375,179.8000030517578,177.5,179.32000732421875,90000,0.0,0.0
2012-05-01 00:00:00-04:00,179.3000030517578,184.74000549316406,178.64999389648438,182.00999450683594,211200,0.0,0.0
2012-05-02 00:00:00-04:00,179.91000366210938,185.52000427246094,179.57000732421875,184.05999755859375,254000,0.0,0.0
2012-05-03 00:00:00-04:00,184.5,187.97000122070312,182.60000610351562,183.8300018310547,238800,0.0,0.0
2012-05-04 00:00:00-04:00,168.58999633789062,172.0,166.00999450683594,169.52999877929688,946200,0.0,0.0
2012-05-07 00:00:00-04:00,168.3300018310547,170.0399932861328,167.27000427246094,169.72999572753906,462700,0.0,0.0
2012-05-08 00:00:00-04:00,168.5,170.72000122070312,166.33999633789062,170.13999938964844,351400,0.0,0.0
2012-05-09 00:00:00-04:00,167.6300048828125,169.63999938964844,166.7100067138672,169.39999389648438,223000,0.0,0.0
2012-05-10 00:00:00-04:00,171.36000061035156,171.86000061035156,167.4600067138672,168.52999877929688,338600,0.0,0.0
2012-05-11 00:00:00-04:00,167.0800018310547,168.3699951171875,166.44000244140625,167.2100067138672,261000,0.0,0.0
2012-05-14 00:00:00-04:00,165.3300018310547,167.25999450683594,164.1999969482422,165.47000122070312,233300,0.0,0.0
2012-05-15 00:00:00-04:00,165.13999938964844,167.8800048828125,163.8300018310547,164.24000549316406,200000,0.0,0.0
2012-05-16 00:00:00-04:00,164.25999450683594,167.72000122070312,163.25999450683594,163.3800048828125,162400,0.0,0.0
2012-05-17 00:00:00-04:00,164.38999938964844,167.49000549316406,160.39999389648438,160.44000244140625,320700,0.0,0.0
2012-05-18 00:00:00-04:00,161.14999389648438,161.6300048828125,157.4600067138672,157.88999938964844,255900,0.0,0.0
2012-05-21 00:00:00-04:00,158.83999633789062,164.17999267578125,158.8000030517578,163.97999572753906,199800,0.0,0.0
2012-05-22 00:00:00-04:00,164.1300048828125,167.30999755859375,162.9499969482422,164.02999877929688,225000,0.0,0.0
2012-05-23 00:00:00-04:00,162.1999969482422,164.10000610351562,160.22000122070312,163.74000549316406,164000,0.0,0.0
2012-05-24 00:00:00-04:00,164.30999755859375,165.5500030517578,161.92999267578125,163.0,170300,0.0,0.0
2012-05-25 00:00:00-04:00,163.42999267578125,163.72999572753906,161.63999938964844,162.77999877929688,234000,0.0,0.0
2012-05-29 00:00:00-04:00,165.07000732421875,167.27999877929688,164.57000732421875,166.5,156300,0.0,0.0
2012-05-30 00:00:00-04:00,164.0,164.1699981689453,159.77999877929688,159.83999633789062,277600,0.0,0.0
2012-05-31 00:00:00-04:00,160.30999755859375,160.8300018310547,155.8300018310547,156.1199951171875,320200,0.0,0.0
2012-06-01 00:00:00-04:00,155.47999572753906,156.58999633789062,152.33999633789062,153.55999755859375,642300,0.0,0.0
2012-06-04 00:00:00-04:00,153.55999755859375,154.88999938964844,150.50999450683594,153.00999450683594,182400,0.0,0.0
2012-06-05 00:00:00-04:00,152.27000427246094,155.42999267578125,151.77999877929688,154.69000244140625,148900,0.0,0.0
2012-06-06 00:00:00-04:00,155.4199981689453,159.39999389648438,155.4199981689453,158.7899932861328,199700,0.0,0.0
2012-06-07 00:00:00-04:00,160.6300048828125,161.14999389648438,156.97999572753906,157.25999450683594,181000,0.0,0.0
2012-06-08 00:00:00-04:00,155.92999267578125,158.5500030517578,154.94000244140625,158.0500030517578,291700,0.0,0.0
2012-06-11 00:00:00-04:00,159.61000061035156,159.61000061035156,155.16000366210938,155.30999755859375,303300,0.0,0.0
2012-06-12 00:00:00-04:00,155.9600067138672,157.0,154.25999450683594,156.1699981689453,174700,0.0,0.0
2012-06-13 00:00:00-04:00,153.89999389648438,155.99000549316406,152.3800048828125,153.44000244140625,329400,0.0,0.0
2012-06-14 00:00:00-04:00,153.7899932861328,156.52999877929688,152.89999389648438,156.3699951171875,260900,0.0,0.0
2012-06-15 00:00:00-04:00,157.00999450683594,157.5,155.25,156.4199981689453,274600,0.0,0.0
2012-06-18 00:00:00-04:00,155.60000610351562,158.1300048828125,154.8300018310547,157.72000122070312,157000,0.0,0.0
2012-06-19 00:00:00-04:00,157.66000366210938,160.1699981689453,157.4600067138672,159.4499969482422,238900,0.0,0.0
2012-06-20 00:00:00-04:00,159.63999938964844,159.94000244140625,157.02999877929688,158.44000244140625,148900,0.0,0.0
2012-06-21 00:00:00-04:00,158.0,159.02000427246094,152.5,152.85000610351562,205300,0.0,0.0
2012-06-22 00:00:00-04:00,154.36000061035156,154.69000244140625,152.8300018310547,153.17999267578125,242400,0.0,0.0
2012-06-25 00:00:00-04:00,150.99000549316406,151.1999969482422,149.3300018310547,150.57000732421875,235300,0.0,0.0
2012-06-26 00:00:00-04:00,150.2100067138672,152.24000549316406,150.2100067138672,151.25,212300,0.0,0.0
2012-06-27 00:00:00-04:00,144.5500030517578,153.47999572753906,143.60000610351562,151.19000244140625,192600,0.0,0.0
2012-06-28 00:00:00-04:00,150.19000244140625,152.77000427246094,150.19000244140625,152.61000061035156,380800,0.0,0.0
2012-06-29 00:00:00-04:00,155.72000122070312,156.82000732421875,155.2899932861328,155.85000610351562,221600,0.0,0.0
2012-07-02 00:00:00-04:00,156.8000030517578,157.41000366210938,154.1999969482422,157.17999267578125,217100,0.0,0.0
2012-07-03 00:00:00-04:00,157.25999450683594,161.47000122070312,157.25999450683594,161.3800048828125,93500,0.0,0.0
2012-07-05 00:00:00-04:00,160.5,162.30999755859375,160.05999755859375,160.05999755859375,282300,0.0,0.0
2012-07-06 00:00:00-04:00,159.05999755859375,160.33999633789062,155.1999969482422,157.17999267578125,190900,0.0,0.0
2012-07-09 00:00:00-04:00,157.0800018310547,157.0800018310547,153.39999389648438,154.39999389648438,178200,0.0,0.0
2012-07-10 00:00:00-04:00,153.36000061035156,156.99000549316406,149.07000732421875,151.25,260300,0.0,0.0
2012-07-11 00:00:00-04:00,151.2899932861328,151.50999450683594,147.72999572753906,148.67999267578125,309500,0.0,0.0
2012-07-12 00:00:00-04:00,147.13999938964844,149.77999877929688,145.7899932861328,148.8300018310547,280500,0.0,0.0
2012-07-13 00:00:00-04:00,149.5800018310547,152.7100067138672,149.41000366210938,151.27999877929688,161700,0.0,0.0
2012-07-16 00:00:00-04:00,151.2100067138672,152.5399932861328,150.30999755859375,151.42999267578125,145500,0.0,0.0
2012-07-17 00:00:00-04:00,151.5399932861328,153.4600067138672,148.99000549316406,152.86000061035156,145500,0.0,0.0
2012-07-18 00:00:00-04:00,152.32000732421875,157.5,151.85000610351562,156.75999450683594,182500,0.0,0.0
2012-07-19 00:00:00-04:00,157.3300018310547,158.83999633789062,155.6699981689453,157.97999572753906,199000,0.0,0.0
2012-07-20 00:00:00-04:00,156.9199981689453,157.17999267578125,153.75999450683594,155.64999389648438,312400,0.0,0.0
2012-07-23 00:00:00-04:00,152.1699981689453,153.2899932861328,150.74000549316406,152.5500030517578,343900,0.0,0.0
2012-07-24 00:00:00-04:00,152.2899932861328,152.6999969482422,150.1199951171875,151.0,186800,0.0,0.0
2012-07-25 00:00:00-04:00,152.25,152.8800048828125,149.6199951171875,151.11000061035156,393600,0.0,0.0
2012-07-26 00:00:00-04:00,153.89999389648438,155.7100067138672,150.27000427246094,155.07000732421875,290600,0.0,0.0
2012-07-27 00:00:00-04:00,147.0,159.75,143.89999389648438,155.7899932861328,793600,0.0,0.0
2012-07-30 00:00:00-04:00,155.22999572753906,156.5399932861328,153.1699981689453,154.2899932861328,322900,0.0,0.0
2012-07-31 00:00:00-04:00,153.42999267578125,156.05999755859375,153.42999267578125,154.8000030517578,178600,0.0,0.0
2012-08-01 00:00:00-04:00,155.44000244140625,156.5500030517578,153.17999267578125,155.2100067138672,242800,0.0,0.0
2012-08-02 00:00:00-04:00,153.82000732421875,156.0500030517578,150.8699951171875,151.27999877929688,300800,0.0,0.0
2012-08-03 00:00:00-04:00,154.35000610351562,159.8800048828125,154.08999633789062,159.24000549316406,190200,0.0,0.0
2012-08-06 00:00:00-04:00,159.0,163.50999450683594,158.55999755859375,162.92999267578125,244100,0.0,0.0
2012-08-07 00:00:00-04:00,163.00999450683594,169.22000122070312,162.13999938964844,167.3800048828125,263800,0.0,0.0
2012-08-08 00:00:00-04:00,166.47999572753906,169.24000549316406,165.8300018310547,168.66000366210938,234500,0.0,0.0
2012-08-09 00:00:00-04:00,168.52999877929688,170.52000427246094,167.0500030517578,167.97999572753906,184100,0.0,0.0
2012-08-10 00:00:00-04:00,166.9499969482422,168.22000122070312,165.00999450683594,165.77000427246094,174300,0.0,0.0
2012-08-13 00:00:00-04:00,165.75,167.22000122070312,164.57000732421875,166.32000732421875,120100,0.0,0.0
2012-08-14 00:00:00-04:00,166.88999938964844,166.88999938964844,164.44000244140625,165.13999938964844,123900,0.0,0.0
2012-08-15 00:00:00-04:00,164.85000610351562,166.27000427246094,164.07000732421875,166.16000366210938,145400,0.0,0.0
2012-08-16 00:00:00-04:00,164.0,165.92999267578125,162.38999938964844,165.00999450683594,159700,0.0,0.0
2012-08-17 00:00:00-04:00,165.0,165.52000427246094,162.77000427246094,163.77999877929688,174500,0.0,0.0
2012-08-20 00:00:00-04:00,163.75999450683594,164.8000030517578,161.52000427246094,162.75999450683594,220300,0.0,0.0
2012-08-21 00:00:00-04:00,163.64999389648438,166.6199951171875,162.99000549316406,164.97999572753906,206100,0.0,0.0
2012-08-22 00:00:00-04:00,164.3800048828125,165.22999572753906,162.9499969482422,164.32000732421875,164000,0.0,0.0
2012-08-23 00:00:00-04:00,163.83999633789062,164.89999389648438,161.6199951171875,162.9499969482422,212600,0.0,0.0
2012-08-24 00:00:00-04:00,163.1699981689453,163.49000549316406,161.10000610351562,162.4499969482422,248500,0.0,0.0
2012-08-27 00:00:00-04:00,163.17999267578125,164.99000549316406,162.10000610351562,163.36000061035156,174200,0.0,0.0
2012-08-28 00:00:00-04:00,163.1199951171875,166.17999267578125,162.39999389648438,165.4199981689453,167400,0.0,0.0
2012-08-29 00:00:00-04:00,165.3000030517578,167.42999267578125,164.39999389648438,164.5500030517578,138100,0.0,0.0
2012-08-30 00:00:00-04:00,163.50999450683594,164.83999633789062,162.6699981689453,164.32000732421875,120000,0.0,0.0
2012-08-31 00:00:00-04:00,165.97999572753906,166.07000732421875,164.1300048828125,165.11000061035156,127900,0.0,0.0
2012-09-04 00:00:00-04:00,164.97000122070312,166.13999938964844,160.94000244140625,164.11000061035156,235800,0.0,0.0
2012-09-05 00:00:00-04:00,164.58999633789062,165.1999969482422,162.08999633789062,163.19000244140625,238400,0.0,0.0
2012-09-06 00:00:00-04:00,165.10000610351562,168.49000549316406,164.85000610351562,167.80999755859375,142700,0.0,0.0
2012-09-07 00:00:00-04:00,168.0,173.8699951171875,166.9499969482422,172.94000244140625,283300,0.0,0.0
2012-09-10 00:00:00-04:00,172.72999572753906,173.05999755859375,170.60000610351562,170.83999633789062,121000,0.0,0.0
2012-09-11 00:00:00-04:00,170.91000366210938,172.72999572753906,169.0800018310547,170.91000366210938,147500,0.0,0.0
2012-09-12 00:00:00-04:00,171.35000610351562,172.13999938964844,168.3000030517578,169.66000366210938,141900,0.0,0.0
2012-09-13 00:00:00-04:00,170.0,174.3800048828125,168.33999633789062,174.24000549316406,242700,0.0,0.0
2012-09-14 00:00:00-04:00,175.0,178.3699951171875,173.39999389648438,177.44000244140625,187100,0.0,0.0
2012-09-17 00:00:00-04:00,177.25,177.86000061035156,175.8800048828125,176.4199981689453,182500,0.0,0.0
2012-09-18 00:00:00-04:00,176.77000427246094,176.77000427246094,171.52000427246094,173.32000732421875,441300,0.0,0.0
2012-09-19 00:00:00-04:00,173.6199951171875,175.4600067138672,172.5800018310547,174.97000122070312,185000,0.0,0.0
2012-09-20 00:00:00-04:00,173.24000549316406,173.88999938964844,170.1300048828125,171.92999267578125,190000,0.0,0.0
2012-09-21 00:00:00-04:00,172.50999450683594,173.60000610351562,171.77999877929688,172.47000122070312,224900,0.0,0.0
2012-09-24 00:00:00-04:00,172.27999877929688,173.9199981689453,170.30999755859375,173.72000122070312,151300,0.0,0.0
2012-09-25 00:00:00-04:00,174.72000122070312,174.72000122070312,171.0,171.00999450683594,193200,0.0,0.0
2012-09-26 00:00:00-04:00,171.4600067138672,172.35000610351562,168.61000061035156,171.2899932861328,182000,0.0,0.0
2012-09-27 00:00:00-04:00,171.5,173.75,171.24000549316406,173.11000061035156,107400,0.0,0.0
2012-09-28 00:00:00-04:00,171.92999267578125,172.39999389648438,170.50999450683594,170.74000549316406,126400,0.0,0.0
2012-10-01 00:00:00-04:00,170.97000122070312,173.22999572753906,170.52000427246094,171.6199951171875,295700,0.0,0.0
2012-10-02 00:00:00-04:00,172.9199981689453,174.44000244140625,170.6699981689453,172.42999267578125,153400,0.0,0.0
2012-10-03 00:00:00-04:00,172.77999877929688,174.6699981689453,172.64999389648438,174.61000061035156,198700,0.0,0.0
2012-10-04 00:00:00-04:00,175.08999633789062,176.3300018310547,174.22999572753906,176.05999755859375,160800,0.0,0.0
2012-10-05 00:00:00-04:00,177.0399932861328,178.02999877929688,175.72000122070312,176.13999938964844,117500,0.0,0.0
2012-10-08 00:00:00-04:00,176.02000427246094,176.02000427246094,173.58999633789062,175.1999969482422,98900,0.0,0.0
2012-10-09 00:00:00-04:00,176.1300048828125,176.1300048828125,170.4499969482422,170.7100067138672,109800,0.0,0.0
2012-10-10 00:00:00-04:00,170.92999267578125,171.10000610351562,167.91000366210938,168.5,140700,0.0,0.0
2012-10-11 00:00:00-04:00,170.22000122070312,171.9600067138672,169.16000366210938,170.47999572753906,165500,0.0,0.0
2012-10-12 00:00:00-04:00,170.36000061035156,171.58999633789062,168.99000549316406,169.4600067138672,113400,0.0,0.0
2012-10-15 00:00:00-04:00,169.44000244140625,171.0500030517578,168.44000244140625,169.8800048828125,147300,0.0,0.0
2012-10-16 00:00:00-04:00,170.72999572753906,172.86000061035156,170.08999633789062,170.94000244140625,202400,0.0,0.0
2012-10-17 00:00:00-04:00,171.61000061035156,173.0,170.0800018310547,172.5399932861328,196300,0.0,0.0
2012-10-18 00:00:00-04:00,171.99000549316406,171.99000549316406,164.47999572753906,166.66000366210938,311400,0.0,0.0
2012-10-19 00:00:00-04:00,165.64999389648438,166.4199981689453,163.33999633789062,164.6199951171875,127600,0.0,0.0
2012-10-22 00:00:00-04:00,164.2100067138672,165.4199981689453,162.47999572753906,164.0,152500,0.0,0.0
2012-10-23 00:00:00-04:00,161.72999572753906,163.1300048828125,160.86000061035156,161.8000030517578,282300,0.0,0.0
2012-10-24 00:00:00-04:00,163.05999755859375,163.5500030517578,161.05999755859375,163.4600067138672,150900,0.0,0.0
2012-10-25 00:00:00-04:00,164.97999572753906,166.3699951171875,163.58999633789062,164.85000610351562,195900,0.0,0.0
2012-10-26 00:00:00-04:00,165.27000427246094,168.72000122070312,164.67999267578125,167.0,280000,0.0,0.0
2012-10-31 00:00:00-04:00,166.88999938964844,169.6999969482422,165.2100067138672,169.3699951171875,295000,0.0,0.0
2012-11-01 00:00:00-04:00,169.3699951171875,174.4199981689453,168.6199951171875,174.0500030517578,329200,0.0,0.0
2012-11-02 00:00:00-04:00,173.0,177.83999633789062,170.05999755859375,174.94000244140625,413700,0.0,0.0
2012-11-05 00:00:00-05:00,175.0,179.22000122070312,173.6199951171875,179.0500030517578,318000,0.0,0.0
2012-11-06 00:00:00-05:00,179.38999938964844,182.1300048828125,178.8699951171875,181.27999877929688,333100,0.0,0.0
2012-11-07 00:00:00-05:00,179.02999877929688,180.08999633789062,176.25,178.63999938964844,249100,0.0,0.0
2012-11-08 00:00:00-05:00,179.08999633789062,179.08999633789062,174.75,175.1699981689453,200500,0.0,0.0
2012-11-09 00:00:00-05:00,174.22999572753906,177.22000122070312,174.05999755859375,176.27000427246094,121000,0.0,0.0
2012-11-12 00:00:00-05:00,176.75999450683594,178.44000244140625,174.13999938964844,178.35000610351562,131600,0.0,0.0
2012-11-13 00:00:00-05:00,176.3800048828125,178.74000549316406,175.07000732421875,176.38999938964844,99500,0.0,0.0
2012-11-14 00:00:00-05:00,176.58999633789062,177.75,174.49000549316406,174.6199951171875,171800,0.0,0.0
2012-11-15 00:00:00-05:00,174.35000610351562,176.25,172.02999877929688,176.25,304900,0.0,0.0
2012-11-16 00:00:00-05:00,176.36000061035156,177.72999572753906,172.7899932861328,174.10000610351562,206500,0.0,0.0
2012-11-19 00:00:00-05:00,176.77999877929688,179.17999267578125,175.69000244140625,179.17999267578125,149500,0.0,0.0
2012-11-20 00:00:00-05:00,177.94000244140625,181.74000549316406,176.5500030517578,181.64999389648438,302700,0.0,0.0
2012-11-21 00:00:00-05:00,182.0,182.1699981689453,180.0399932861328,181.97999572753906,146800,0.0,0.0
2012-11-23 00:00:00-05:00,183.0,184.8699951171875,181.6300048828125,184.58999633789062,41100,0.0,0.0
2012-11-26 00:00:00-05:00,183.61000061035156,184.6699981689453,182.64999389648438,184.0399932861328,175200,0.0,0.0
2012-11-27 00:00:00-05:00,183.32000732421875,186.1300048828125,182.4600067138672,185.02999877929688,138600,0.0,0.0
2012-11-28 00:00:00-05:00,183.75,186.77999877929688,183.08999633789062,186.38999938964844,149300,0.0,0.0
2012-11-29 00:00:00-05:00,187.5,189.1699981689453,185.52000427246094,187.0800018310547,163200,0.0,0.0
2012-11-30 00:00:00-05:00,187.80999755859375,187.80999755859375,185.4600067138672,187.08999633789062,191600,0.0,0.0
2012-12-03 00:00:00-05:00,188.0,188.1199951171875,185.2899932861328,185.52000427246094,162800,0.0,0.0
2012-12-04 00:00:00-05:00,185.19000244140625,187.1300048828125,184.85000610351562,185.72999572753906,165000,0.0,0.0
2012-12-05 00:00:00-05:00,185.5500030517578,186.82000732421875,183.4600067138672,185.77000427246094,152500,0.0,0.0
2012-12-06 00:00:00-05:00,184.9600067138672,186.42999267578125,183.2100067138672,184.6199951171875,168400,0.0,0.0
2012-12-07 00:00:00-05:00,185.0,185.17999267578125,183.13999938964844,184.02000427246094,147300,0.0,0.0
2012-12-10 00:00:00-05:00,184.27000427246094,189.67999267578125,184.1999969482422,188.42999267578125,207200,0.0,0.0
2012-12-11 00:00:00-05:00,189.75999450683594,191.5500030517578,188.22999572753906,190.6999969482422,238600,0.0,0.0
2012-12-12 00:00:00-05:00,191.17999267578125,191.92999267578125,187.19000244140625,187.32000732421875,154900,0.0,0.0
2012-12-13 00:00:00-05:00,187.75,188.7899932861328,186.5800018310547,187.52999877929688,99400,0.0,0.0
2012-12-14 00:00:00-05:00,187.27000427246094,189.0500030517578,185.94000244140625,188.5500030517578,155600,0.0,0.0
2012-12-17 00:00:00-05:00,188.8000030517578,191.02999877929688,188.49000549316406,190.14999389648438,95400,0.0,0.0
2012-12-18 00:00:00-05:00,190.3300018310547,194.19000244140625,189.5399932861328,193.7100067138672,139700,0.0,0.0
2012-12-19 00:00:00-05:00,193.0,194.08999633789062,191.3699951171875,191.6199951171875,347000,0.0,0.0
2012-12-20 00:00:00-05:00,192.0800018310547,195.1199951171875,191.6300048828125,195.0,158100,0.0,0.0
2012-12-21 00:00:00-05:00,191.60000610351562,193.85000610351562,191.32000732421875,191.42999267578125,317900,0.0,0.0
2012-12-24 00:00:00-05:00,191.8800048828125,193.8800048828125,190.7899932861328,192.8300018310547,49100,0.0,0.0
2012-12-26 00:00:00-05:00,192.97999572753906,193.60000610351562,190.75,191.38999938964844,81600,0.0,0.0
2012-12-27 00:00:00-05:00,191.8699951171875,192.75999450683594,188.41000366210938,191.6300048828125,122100,0.0,0.0
2012-12-28 00:00:00-05:00,190.4600067138672,191.57000732421875,188.47999572753906,188.58999633789062,72500,0.0,0.0
2012-12-31 00:00:00-05:00,188.80999755859375,193.47999572753906,187.5399932861328,193.3000030517578,93400,0.0,0.0
2013-01-02 00:00:00-05:00,198.8800048828125,199.55999755859375,193.72000122070312,197.8800048828125,154000,0.0,0.0
2013-01-03 00:00:00-05:00,197.72999572753906,198.75999450683594,195.80999755859375,196.72000122070312,117100,0.0,0.0
2013-01-04 00:00:00-05:00,199.22000122070312,199.85000610351562,196.10000610351562,197.02000427246094,260300,0.0,0.0
2013-01-07 00:00:00-05:00,199.55999755859375,204.52999877929688,199.55999755859375,201.77000427246094,325500,0.0,0.0
2013-01-08 00:00:00-05:00,202.11000061035156,202.9499969482422,198.94000244140625,200.55999755859375,145800,0.0,0.0
2013-01-09 00:00:00-05:00,201.02999877929688,206.27000427246094,200.3800048828125,204.66000366210938,210500,0.0,0.0
2013-01-10 00:00:00-05:00,206.25999450683594,206.25999450683594,201.30999755859375,202.6999969482422,245600,0.0,0.0
2013-01-11 00:00:00-05:00,202.5399932861328,204.32000732421875,201.5500030517578,201.8800048828125,158900,0.0,0.0
2013-01-14 00:00:00-05:00,201.42999267578125,205.83999633789062,201.42999267578125,205.27000427246094,132300,0.0,0.0
2013-01-15 00:00:00-05:00,204.4499969482422,204.67999267578125,202.60000610351562,204.11000061035156,105900,0.0,0.0
2013-01-16 00:00:00-05:00,203.7899932861328,205.4199981689453,203.49000549316406,204.11000061035156,104100,0.0,0.0
2013-01-17 00:00:00-05:00,204.74000549316406,208.5399932861328,204.22999572753906,207.77999877929688,188200,0.0,0.0
2013-01-18 00:00:00-05:00,208.0,210.8800048828125,206.72000122070312,209.3000030517578,193100,0.0,0.0
2013-01-22 00:00:00-05:00,209.1199951171875,210.10000610351562,207.7899932861328,210.0399932861328,137000,0.0,0.0
2013-01-23 00:00:00-05:00,208.61000061035156,212.86000061035156,208.61000061035156,211.00999450683594,209200,0.0,0.0
2013-01-24 00:00:00-05:00,211.5800018310547,212.85000610351562,209.10000610351562,211.08999633789062,177300,0.0,0.0
2013-01-25 00:00:00-05:00,210.80999755859375,214.30999755859375,210.80999755859375,214.30999755859375,73100,0.0,0.0
2013-01-28 00:00:00-05:00,213.6699981689453,214.63999938964844,211.14999389648438,212.1300048828125,107700,0.0,0.0
2013-01-29 00:00:00-05:00,212.25999450683594,213.33999633789062,211.27000427246094,213.2100067138672,92400,0.0,0.0
2013-01-30 00:00:00-05:00,212.92999267578125,214.10000610351562,210.75,211.55999755859375,121300,0.0,0.0
2013-01-31 00:00:00-05:00,210.92999267578125,214.67999267578125,209.99000549316406,212.52999877929688,93900,0.0,0.0
2013-02-01 00:00:00-05:00,214.52000427246094,215.6300048828125,213.8300018310547,214.60000610351562,71300,0.0,0.0
2013-02-04 00:00:00-05:00,213.32000732421875,213.97999572753906,211.1300048828125,212.0,94100,0.0,0.0
2013-02-05 00:00:00-05:00,213.97000122070312,217.16000366210938,212.66000366210938,216.19000244140625,115300,0.0,0.0
2013-02-06 00:00:00-05:00,215.80999755859375,218.4499969482422,214.07000732421875,216.52000427246094,207800,0.0,0.0
2013-02-07 00:00:00-05:00,217.67999267578125,221.6300048828125,216.52999877929688,221.55999755859375,236300,0.0,0.0
2013-02-08 00:00:00-05:00,219.3800048828125,222.47999572753906,219.0500030517578,221.14999389648438,166900,0.0,0.0
2013-02-11 00:00:00-05:00,221.00999450683594,221.72999572753906,217.8000030517578,219.3699951171875,165600,0.0,0.0
2013-02-12 00:00:00-05:00,219.4499969482422,220.8000030517578,217.88999938964844,217.99000549316406,107800,0.0,0.0
2013-02-13 00:00:00-05:00,217.8800048828125,220.4199981689453,216.64999389648438,218.94000244140625,145400,0.0,0.0
2013-02-14 00:00:00-05:00,217.75999450683594,218.72000122070312,216.1999969482422,217.75,96100,0.0,0.0
2013-02-15 00:00:00-05:00,217.3000030517578,218.8699951171875,213.49000549316406,215.13999938964844,173200,0.0,0.0
2013-02-19 00:00:00-05:00,216.14999389648438,218.32000732421875,215.1699981689453,217.14999389648438,117000,0.0,0.0
2013-02-20 00:00:00-05:00,216.97999572753906,218.35000610351562,214.19000244140625,214.6699981689453,144600,0.0,0.0
2013-02-21 00:00:00-05:00,211.6999969482422,214.77000427246094,211.6999969482422,212.8000030517578,83700,0.0,0.0
2013-02-22 00:00:00-05:00,213.75999450683594,214.50999450683594,212.27999877929688,212.58999633789062,119300,0.0,0.0
2013-02-25 00:00:00-05:00,213.11000061035156,214.67999267578125,206.33999633789062,206.61000061035156,554500,0.0,0.0
2013-02-26 00:00:00-05:00,208.0,210.89999389648438,205.00999450683594,209.82000732421875,302900,0.0,0.0
2013-02-27 00:00:00-05:00,209.99000549316406,214.35000610351562,207.52000427246094,213.58999633789062,225200,0.0,0.0
2013-02-28 00:00:00-05:00,212.0,214.97999572753906,211.52999877929688,212.8000030517578,164300,0.0,0.0
2013-03-01 00:00:00-05:00,211.4499969482422,212.5800018310547,209.1300048828125,211.16000366210938,330800,0.0,0.0
2013-03-04 00:00:00-05:00,210.67999267578125,211.5399932861328,208.44000244140625,210.94000244140625,182200,0.0,0.0
2013-03-05 00:00:00-05:00,211.77999877929688,214.05999755859375,211.44000244140625,214.05999755859375,199800,0.0,0.0
2013-03-06 00:00:00-05:00,214.5,215.75999450683594,213.36000061035156,215.2100067138672,169400,0.0,0.0
2013-03-07 00:00:00-05:00,215.88999938964844,216.30999755859375,213.8699951171875,215.5500030517578,98800,0.0,0.0
2013-03-08 00:00:00-05:00,216.10000610351562,218.66000366210938,214.6699981689453,218.47999572753906,158400,0.0,0.0
2013-03-11 00:00:00-04:00,217.52999877929688,219.60000610351562,217.3300018310547,219.60000610351562,92500,0.0,0.0
2013-03-12 00:00:00-04:00,219.67999267578125,219.67999267578125,216.1999969482422,217.7899932861328,76900,0.0,0.0
2013-03-13 00:00:00-04:00,218.17999267578125,218.5399932861328,216.02000427246094,218.1300048828125,117400,0.0,0.0
2013-03-14 00:00:00-04:00,218.75,220.22000122070312,218.25,220.07000732421875,123800,0.0,0.0
2013-03-15 00:00:00-04:00,219.7899932861328,219.8000030517578,217.35000610351562,218.44000244140625,169300,0.0,0.0
2013-03-18 00:00:00-04:00,217.0500030517578,219.7100067138672,216.5800018310547,217.8000030517578,102200,0.0,0.0
2013-03-19 00:00:00-04:00,218.4199981689453,219.47000122070312,216.8800048828125,218.75,139100,0.0,0.0
2013-03-20 00:00:00-04:00,219.85000610351562,222.25999450683594,219.85000610351562,221.5,130900,0.0,0.0
2013-03-21 00:00:00-04:00,220.32000732421875,221.99000549316406,218.05999755859375,219.50999450683594,97200,0.0,0.0
2013-03-22 00:00:00-04:00,220.24000549316406,220.60000610351562,218.5399932861328,219.72000122070312,134200,0.0,0.0
2013-03-25 00:00:00-04:00,219.9199981689453,221.2100067138672,211.6699981689453,213.05999755859375,284400,0.0,0.0
2013-03-26 00:00:00-04:00,213.77000427246094,214.25,211.60000610351562,214.2100067138672,215200,0.0,0.0
2013-03-27 00:00:00-04:00,212.6999969482422,214.22000122070312,211.00999450683594,212.5399932861328,143600,0.0,0.0
2013-03-28 00:00:00-04:00,212.8300018310547,214.07000732421875,211.5800018310547,213.22000122070312,217300,0.0,0.0
2013-04-01 00:00:00-04:00,213.07000732421875,213.60000610351562,210.17999267578125,211.61000061035156,105800,0.0,0.0
2013-04-02 00:00:00-04:00,212.91000366210938,213.7100067138672,210.5500030517578,211.5800018310547,171300,0.0,0.0
2013-04-03 00:00:00-04:00,211.8000030517578,211.8000030517578,206.67999267578125,207.75,200500,0.0,0.0
2013-04-04 00:00:00-04:00,207.5,208.1999969482422,206.24000549316406,207.27999877929688,190400,0.0,0.0
2013-04-05 00:00:00-04:00,204.8000030517578,206.00999450683594,203.85000610351562,204.5500030517578,128800,0.0,0.0
2013-04-08 00:00:00-04:00,204.9600067138672,207.19000244140625,204.5,206.99000549316406,159200,0.0,0.0
2013-04-09 00:00:00-04:00,207.02999877929688,209.19000244140625,206.1999969482422,208.61000061035156,144700,0.0,0.0
2013-04-10 00:00:00-04:00,209.39999389648438,213.2899932861328,209.00999450683594,213.1199951171875,152900,0.0,0.0
2013-04-11 00:00:00-04:00,210.0,211.50999450683594,207.3300018310547,209.52999877929688,210400,0.0,0.0
2013-04-12 00:00:00-04:00,208.5800018310547,211.49000549316406,208.4499969482422,211.47999572753906,157700,0.0,0.0
2013-04-15 00:00:00-04:00,211.13999938964844,212.49000549316406,196.47999572753906,197.91000366210938,606600,0.0,0.0
2013-04-16 00:00:00-04:00,200.38999938964844,204.52000427246094,198.22000122070312,203.97000122070312,309500,0.0,0.0
2013-04-17 00:00:00-04:00,203.27999877929688,203.86000061035156,200.92999267578125,202.32000732421875,225200,0.0,0.0
2013-04-18 00:00:00-04:00,202.4199981689453,203.6199951171875,200.19000244140625,201.4499969482422,243500,0.0,0.0
2013-04-19 00:00:00-04:00,201.92999267578125,201.92999267578125,197.85000610351562,199.63999938964844,244000,0.0,0.0
2013-04-22 00:00:00-04:00,200.0800018310547,204.02999877929688,198.44000244140625,203.00999450683594,248900,0.0,0.0
2013-04-23 00:00:00-04:00,204.5800018310547,210.3699951171875,202.8800048828125,208.9199981689453,260900,0.0,0.0
2013-04-24 00:00:00-04:00,209.67999267578125,212.24000549316406,208.3000030517578,210.0399932861328,259500,0.0,0.0
2013-04-25 00:00:00-04:00,210.4600067138672,212.8000030517578,209.8300018310547,212.0,155500,0.0,0.0
2013-04-26 00:00:00-04:00,211.5,211.5,205.35000610351562,206.57000732421875,225900,0.0,0.0
2013-04-29 00:00:00-04:00,207.2100067138672,207.2100067138672,205.1300048828125,206.27000427246094,201700,0.0,0.0
2013-04-30 00:00:00-04:00,206.0500030517578,209.0399932861328,203.91000366210938,208.9600067138672,228400,0.0,0.0
2013-05-01 00:00:00-04:00,207.5399932861328,207.5399932861328,200.75,202.60000610351562,472100,0.0,0.0
2013-05-02 00:00:00-04:00,196.0,203.61000061035156,196.0,202.6999969482422,405500,0.0,0.0
2013-05-03 00:00:00-04:00,205.92999267578125,219.77000427246094,203.86000061035156,215.25,428600,0.0,0.0
2013-05-06 00:00:00-04:00,214.82000732421875,221.64999389648438,214.64999389648438,221.64999389648438,326600,0.0,0.0
2013-05-07 00:00:00-04:00,221.22000122070312,221.2899932861328,216.5500030517578,220.75999450683594,381000,0.0,0.0
2013-05-08 00:00:00-04:00,220.3300018310547,224.99000549316406,219.4499969482422,224.99000549316406,204700,0.0,0.0
2013-05-09 00:00:00-04:00,223.9499969482422,225.66000366210938,221.42999267578125,223.41000366210938,134200,0.0,0.0
2013-05-10 00:00:00-04:00,224.19000244140625,227.19000244140625,223.3800048828125,226.6199951171875,136200,0.0,0.0
2013-05-13 00:00:00-04:00,225.85000610351562,225.92999267578125,223.17999267578125,224.17999267578125,114800,0.0,0.0
2013-05-14 00:00:00-04:00,224.6300048828125,227.00999450683594,224.11000061035156,226.7100067138672,123600,0.0,0.0
2013-05-15 00:00:00-04:00,226.38999938964844,229.67999267578125,226.38999938964844,228.0,170500,0.0,0.0
2013-05-16 00:00:00-04:00,224.8800048828125,226.8000030517578,220.52000427246094,221.19000244140625,331500,0.0,0.0
2013-05-17 00:00:00-04:00,222.58999633789062,224.1999969482422,221.0500030517578,224.00999450683594,168800,0.0,0.0
2013-05-20 00:00:00-04:00,223.4600067138672,225.6300048828125,222.07000732421875,223.11000061035156,117000,0.0,0.0
2013-05-21 00:00:00-04:00,223.14999389648438,224.32000732421875,222.22000122070312,223.38999938964844,105900,0.0,0.0
2013-05-22 00:00:00-04:00,223.1699981689453,224.74000549316406,219.49000549316406,220.3000030517578,134600,0.0,0.0
2013-05-23 00:00:00-04:00,217.50999450683594,222.1699981689453,216.0,222.05999755859375,138400,0.0,0.0
2013-05-24 00:00:00-04:00,220.44000244140625,222.27000427246094,218.7100067138672,221.97000122070312,138200,0.0,0.0
2013-05-28 00:00:00-04:00,225.14999389648438,227.10000610351562,223.86000061035156,225.85000610351562,159800,0.0,0.0
2013-05-29 00:00:00-04:00,223.63999938964844,225.22000122070312,221.33999633789062,222.5500030517578,152000,0.0,0.0
2013-05-30 00:00:00-04:00,222.91000366210938,225.17999267578125,222.52000427246094,224.32000732421875,202600,0.0,0.0
2013-05-31 00:00:00-04:00,223.0399932861328,224.6300048828125,218.17999267578125,218.25999450683594,161200,0.0,0.0
2013-06-03 00:00:00-04:00,218.69000244140625,219.6300048828125,212.77999877929688,218.10000610351562,216300,0.0,0.0
2013-06-04 00:00:00-04:00,218.57000732421875,219.80999755859375,215.1300048828125,215.67999267578125,208400,0.0,0.0
2013-06-05 00:00:00-04:00,215.39999389648438,216.1199951171875,211.86000061035156,212.16000366210938,110200,0.0,0.0
2013-06-06 00:00:00-04:00,211.85000610351562,215.47999572753906,211.85000610351562,215.42999267578125,185600,0.0,0.0
2013-06-07 00:00:00-04:00,218.2899932861328,219.2899932861328,215.8800048828125,217.57000732421875,130900,0.0,0.0
2013-06-10 00:00:00-04:00,218.3300018310547,219.60000610351562,215.94000244140625,216.52000427246094,94900,0.0,0.0
2013-06-11 00:00:00-04:00,213.66000366210938,215.36000061035156,211.25,213.08999633789062,190000,0.0,0.0
2013-06-12 00:00:00-04:00,214.61000061035156,214.9499969482422,211.97000122070312,212.63999938964844,134600,0.0,0.0
2013-06-13 00:00:00-04:00,212.0500030517578,215.4199981689453,211.8300018310547,215.11000061035156,197300,0.0,0.0
2013-06-14 00:00:00-04:00,213.63999938964844,215.5800018310547,211.49000549316406,211.77999877929688,92100,0.0,0.0
2013-06-17 00:00:00-04:00,213.75999450683594,216.77999877929688,213.6300048828125,215.80999755859375,130700,0.0,0.0
2013-06-18 00:00:00-04:00,216.0500030517578,217.6199951171875,214.7899932861328,216.72000122070312,82700,0.0,0.0
2013-06-19 00:00:00-04:00,216.11000061035156,216.83999633789062,213.02999877929688,213.27999877929688,73100,0.0,0.0
2013-06-20 00:00:00-04:00,209.97000122070312,211.52000427246094,203.49000549316406,203.91000366210938,227600,0.0,0.0
2013-06-21 00:00:00-04:00,205.02999877929688,206.3800048828125,203.57000732421875,204.8800048828125,208100,0.0,0.0
2013-06-24 00:00:00-04:00,202.1300048828125,203.47000122070312,199.91000366210938,202.0,238400,0.0,0.0
2013-06-25 00:00:00-04:00,203.52000427246094,204.47999572753906,200.77999877929688,201.61000061035156,189300,0.0,0.0
2013-06-26 00:00:00-04:00,203.66000366210938,205.19000244140625,200.8699951171875,201.4600067138672,324600,0.0,0.0
2013-06-27 00:00:00-04:00,202.9600067138672,203.0,201.5,202.3000030517578,264800,0.0,0.0
2013-06-28 00:00:00-04:00,201.94000244140625,202.94000244140625,200.8800048828125,201.1999969482422,287200,0.0,0.0
2013-07-01 00:00:00-04:00,202.33999633789062,207.17999267578125,202.33999633789062,206.08999633789062,217200,0.0,0.0
2013-07-02 00:00:00-04:00,205.82000732421875,208.25999450683594,204.82000732421875,205.5500030517578,162400,0.0,0.0
2013-07-03 00:00:00-04:00,204.1300048828125,207.27000427246094,204.1300048828125,205.74000549316406,63400,0.0,0.0
2013-07-05 00:00:00-04:00,207.9499969482422,210.82000732421875,207.32000732421875,210.14999389648438,121300,0.0,0.0
2013-07-08 00:00:00-04:00,211.66000366210938,213.57000732421875,208.82000732421875,208.8699951171875,97300,0.0,0.0
2013-07-09 00:00:00-04:00,209.9199981689453,213.63999938964844,208.25,212.4199981689453,180800,0.0,0.0
2013-07-10 00:00:00-04:00,212.1999969482422,213.1999969482422,210.89999389648438,212.8000030517578,92000,0.0,0.0
2013-07-11 00:00:00-04:00,216.85000610351562,217.0,211.8300018310547,214.9199981689453,116000,0.0,0.0
2013-07-12 00:00:00-04:00,214.47000122070312,216.58999633789062,214.47000122070312,215.77000427246094,81600,0.0,0.0
2013-07-15 00:00:00-04:00,216.05999755859375,217.19000244140625,215.66000366210938,216.2899932861328,48600,0.0,0.0
2013-07-16 00:00:00-04:00,216.2100067138672,216.55999755859375,212.85000610351562,213.3699951171875,96900,0.0,0.0
2013-07-17 00:00:00-04:00,214.49000549316406,215.47999572753906,212.52999877929688,213.47999572753906,83800,0.0,0.0
2013-07-18 00:00:00-04:00,214.50999450683594,215.77999877929688,211.42999267578125,215.1699981689453,111600,0.0,0.0
2013-07-19 00:00:00-04:00,214.5500030517578,217.85000610351562,214.5500030517578,216.9600067138672,74000,0.0,0.0
2013-07-22 00:00:00-04:00,217.0800018310547,219.17999267578125,216.77999877929688,219.1699981689453,80700,0.0,0.0
2013-07-23 00:00:00-04:00,219.0,220.4499969482422,216.2100067138672,218.9499969482422,189600,0.0,0.0
2013-07-24 00:00:00-04:00,220.24000549316406,222.86000061035156,218.3800048828125,222.0800018310547,167800,0.0,0.0
2013-07-25 00:00:00-04:00,221.75,225.0,220.42999267578125,223.0500030517578,229800,0.0,0.0
2013-07-26 00:00:00-04:00,220.7100067138672,222.86000061035156,210.8800048828125,219.5399932861328,290900,0.0,0.0
2013-07-29 00:00:00-04:00,222.0,222.77000427246094,219.3699951171875,219.47999572753906,283000,0.0,0.0
2013-07-30 00:00:00-04:00,220.6199951171875,222.27999877929688,219.47000122070312,221.00999450683594,80000,0.0,0.0
2013-07-31 00:00:00-04:00,221.44000244140625,223.85000610351562,220.60000610351562,220.60000610351562,111900,0.0,0.0
2013-08-01 00:00:00-04:00,223.75999450683594,229.88999938964844,223.3000030517578,227.19000244140625,201700,0.0,0.0
2013-08-02 00:00:00-04:00,210.0,228.0,210.0,227.2100067138672,132800,0.0,0.0
2013-08-05 00:00:00-04:00,226.64999389648438,229.35000610351562,226.61000061035156,229.0800018310547,105900,0.0,0.0
2013-08-06 00:00:00-04:00,227.47999572753906,229.57000732421875,226.0800018310547,229.0,147000,0.0,0.0
2013-08-07 00:00:00-04:00,228.14999389648438,228.97999572753906,225.5,228.69000244140625,184100,0.0,0.0
2013-08-08 00:00:00-04:00,228.64999389648438,229.67999267578125,227.4199981689453,228.5,176500,0.0,0.0
2013-08-09 00:00:00-04:00,228.10000610351562,229.8699951171875,227.9199981689453,228.2100067138672,42400,0.0,0.0
2013-08-12 00:00:00-04:00,227.74000549316406,229.92999267578125,227.58999633789062,229.8800048828125,50200,0.0,0.0
2013-08-13 00:00:00-04:00,229.97999572753906,230.60000610351562,228.6999969482422,230.38999938964844,71000,0.0,0.0
2013-08-14 00:00:00-04:00,230.89999389648438,230.91000366210938,228.1699981689453,229.61000061035156,69600,0.0,0.0
2013-08-15 00:00:00-04:00,226.25,228.61000061035156,224.61000061035156,225.11000061035156,85300,0.0,0.0
2013-08-16 00:00:00-04:00,224.88999938964844,227.49000549316406,223.72000122070312,225.7100067138672,81000,0.0,0.0
2013-08-19 00:00:00-04:00,224.72999572753906,226.36000061035156,224.0,224.0500030517578,50500,0.0,0.0
2013-08-20 00:00:00-04:00,224.2899932861328,226.2899932861328,222.86000061035156,225.3300018310547,33300,0.0,0.0
2013-08-21 00:00:00-04:00,224.19000244140625,226.4499969482422,223.1699981689453,223.44000244140625,51300,0.0,0.0
2013-08-22 00:00:00-04:00,223.4600067138672,231.02999877929688,223.27999877929688,230.25,79600,0.0,0.0
2013-08-23 00:00:00-04:00,231.52000427246094,231.5500030517578,226.77000427246094,229.0,43200,0.0,0.0
2013-08-26 00:00:00-04:00,229.0,229.92999267578125,226.75,227.41000366210938,48700,0.0,0.0
2013-08-27 00:00:00-04:00,225.0,226.16000366210938,222.39999389648438,222.41000366210938,77800,0.0,0.0
2013-08-28 00:00:00-04:00,222.3300018310547,226.08999633789062,221.0,224.55999755859375,95700,0.0,0.0
2013-08-29 00:00:00-04:00,223.36000061035156,227.67999267578125,222.3800048828125,224.9499969482422,111500,0.0,0.0
2013-08-30 00:00:00-04:00,224.97000122070312,224.97000122070312,219.8699951171875,220.22999572753906,87300,0.0,0.0
2013-09-03 00:00:00-04:00,223.1300048828125,225.02000427246094,217.82000732421875,221.0800018310547,225800,0.0,0.0
2013-09-04 00:00:00-04:00,221.0,227.22000122070312,220.25,226.11000061035156,100700,0.0,0.0
2013-09-05 00:00:00-04:00,225.77999877929688,226.6999969482422,223.82000732421875,223.9600067138672,89400,0.0,0.0
2013-09-06 00:00:00-04:00,227.0,229.9600067138672,223.61000061035156,228.11000061035156,187300,0.0,0.0
2013-09-09 00:00:00-04:00,228.55999755859375,230.1699981689453,228.4499969482422,229.3300018310547,63900,0.0,0.0
2013-09-10 00:00:00-04:00,230.4600067138672,233.4499969482422,229.3300018310547,232.91000366210938,86300,0.0,0.0
2013-09-11 00:00:00-04:00,232.58999633789062,234.3000030517578,231.19000244140625,232.82000732421875,85500,0.0,0.0
2013-09-12 00:00:00-04:00,232.5399932861328,236.60000610351562,232.36000061035156,235.0500030517578,92100,0.0,0.0
2013-09-13 00:00:00-04:00,235.7899932861328,237.24000549316406,233.1199951171875,235.22000122070312,113800,0.0,0.0
2013-09-16 00:00:00-04:00,239.61000061035156,241.1300048828125,235.9199981689453,239.32000732421875,130200,0.0,0.0
2013-09-17 00:00:00-04:00,239.02999877929688,240.2100067138672,237.63999938964844,239.22999572753906,66000,0.0,0.0
2013-09-18 00:00:00-04:00,238.25,241.11000061035156,235.91000366210938,240.3800048828125,61500,0.0,0.0
2013-09-19 00:00:00-04:00,241.0399932861328,241.85000610351562,238.9499969482422,240.9499969482422,76400,0.0,0.0
2013-09-20 00:00:00-04:00,241.67999267578125,242.41000366210938,238.5,238.52000427246094,181700,0.0,0.0
2013-09-23 00:00:00-04:00,238.9199981689453,240.64999389648438,236.52000427246094,239.97000122070312,76600,0.0,0.0
2013-09-24 00:00:00-04:00,240.4499969482422,242.49000549316406,238.32000732421875,239.39999389648438,120900,0.0,0.0
2013-09-25 00:00:00-04:00,240.39999389648438,241.89999389648438,238.27999877929688,240.3800048828125,103800,0.0,0.0
2013-09-26 00:00:00-04:00,241.0800018310547,243.57000732421875,239.49000549316406,242.55999755859375,86900,0.0,0.0
2013-09-27 00:00:00-04:00,241.0500030517578,242.0,239.6999969482422,240.19000244140625,70500,0.0,0.0
2013-09-30 00:00:00-04:00,236.30999755859375,241.97999572753906,236.22000122070312,240.08999633789062,158900,0.0,0.0
2013-10-01 00:00:00-04:00,240.4499969482422,247.0,238.89999389648438,242.52999877929688,275300,0.0,0.0
2013-10-02 00:00:00-04:00,241.2100067138672,242.72999572753906,239.08999633789062,241.3000030517578,114500,0.0,0.0
2013-10-03 00:00:00-04:00,241.0399932861328,242.0,236.6300048828125,238.83999633789062,136700,0.0,0.0
2013-10-04 00:00:00-04:00,238.57000732421875,242.25,237.60000610351562,239.75999450683594,114500,0.0,0.0
2013-10-07 00:00:00-04:00,237.24000549316406,240.47999572753906,237.1300048828125,238.3000030517578,128500,0.0,0.0
2013-10-08 00:00:00-04:00,237.38999938964844,239.92999267578125,233.66000366210938,233.7100067138672,121400,0.0,0.0
2013-10-09 00:00:00-04:00,234.14999389648438,235.5500030517578,231.0500030517578,233.97999572753906,152300,0.0,0.0
2013-10-10 00:00:00-04:00,237.5399932861328,241.1999969482422,237.5399932861328,240.30999755859375,74500,0.0,0.0
2013-10-11 00:00:00-04:00,239.25,243.58999633789062,239.25,241.85000610351562,106300,0.0,0.0
2013-10-14 00:00:00-04:00,241.00999450683594,244.4199981689453,240.16000366210938,243.35000610351562,89100,0.0,0.0
2013-10-15 00:00:00-04:00,242.8699951171875,243.4499969482422,238.91000366210938,239.6699981689453,120200,0.0,0.0
2013-10-16 00:00:00-04:00,241.7100067138672,243.88999938964844,240.1699981689453,241.00999450683594,126600,0.0,0.0
2013-10-17 00:00:00-04:00,240.02999877929688,246.11000061035156,239.14999389648438,245.14999389648438,103200,0.0,0.0
2013-10-18 00:00:00-04:00,246.5,247.52999877929688,244.41000366210938,247.30999755859375,210700,0.0,0.0
2013-10-21 00:00:00-04:00,247.5500030517578,250.0,246.07000732421875,247.11000061035156,118600,0.0,0.0
2013-10-22 00:00:00-04:00,247.75,250.14999389648438,245.13999938964844,246.17999267578125,130500,0.0,0.0
2013-10-23 00:00:00-04:00,245.69000244140625,247.10000610351562,244.02000427246094,244.97999572753906,110200,0.0,0.0
2013-10-24 00:00:00-04:00,245.0399932861328,250.5,245.0399932861328,249.99000549316406,173200,0.0,0.0
2013-10-25 00:00:00-04:00,250.9499969482422,251.25,248.11000061035156,250.4600067138672,195800,0.0,0.0
2013-10-28 00:00:00-04:00,249.86000061035156,249.86000061035156,246.52000427246094,247.99000549316406,112200,0.0,0.0
2013-10-29 00:00:00-04:00,248.27000427246094,250.24000549316406,246.66000366210938,249.2899932861328,236600,0.0,0.0
2013-10-30 00:00:00-04:00,249.05999755859375,250.3000030517578,246.9499969482422,247.9199981689453,237600,0.0,0.0
2013-10-31 00:00:00-04:00,248.13999938964844,251.1300048828125,247.24000549316406,247.4600067138672,102500,0.0,0.0
2013-11-01 00:00:00-04:00,247.4499969482422,249.05999755859375,245.83999633789062,247.58999633789062,54900,0.0,0.0
2013-11-04 00:00:00-05:00,248.3300018310547,248.4600067138672,246.36000061035156,247.1300048828125,86700,0.0,0.0
2013-11-05 00:00:00-05:00,246.47999572753906,249.1999969482422,245.07000732421875,246.61000061035156,75200,0.0,0.0
2013-11-06 00:00:00-05:00,247.7899932861328,249.4600067138672,246.08999633789062,247.52000427246094,58400,0.0,0.0
2013-11-07 00:00:00-05:00,247.7899932861328,250.02999877929688,243.42999267578125,244.99000549316406,140000,0.0,0.0
2013-11-08 00:00:00-05:00,236.22000122070312,242.2899932861328,235.52000427246094,239.0,431400,0.0,0.0
2013-11-11 00:00:00-05:00,238.11000061035156,240.49000549316406,236.52999877929688,240.36000061035156,166400,0.0,0.0
2013-11-12 00:00:00-05:00,239.6699981689453,241.5399932861328,237.8300018310547,240.25,218100,0.0,0.0
2013-11-13 00:00:00-05:00,239.33999633789062,240.8000030517578,237.55999755859375,240.27999877929688,252300,0.0,0.0
2013-11-14 00:00:00-05:00,239.60000610351562,244.1999969482422,239.1999969482422,243.6199951171875,170800,0.0,0.0
2013-11-15 00:00:00-05:00,243.6699981689453,248.94000244140625,243.6699981689453,247.49000549316406,180700,0.0,0.0
2013-11-18 00:00:00-05:00,247.35000610351562,248.9199981689453,243.42999267578125,244.7899932861328,148400,0.0,0.0
2013-11-19 00:00:00-05:00,244.07000732421875,248.41000366210938,242.8000030517578,248.33999633789062,247000,0.0,0.0
2013-11-20 00:00:00-05:00,247.72000122070312,249.52000427246094,246.75999450683594,248.39999389648438,161300,0.0,0.0
2013-11-21 00:00:00-05:00,249.35000610351562,253.30999755859375,247.97000122070312,253.27000427246094,124600,0.0,0.0
2013-11-22 00:00:00-05:00,254.10000610351562,255.0,251.24000549316406,252.92999267578125,192500,0.0,0.0
2013-11-25 00:00:00-05:00,253.8000030517578,253.8000030517578,248.6699981689453,250.22000122070312,296200,0.0,0.0
2013-11-26 00:00:00-05:00,250.49000549316406,251.36000061035156,248.3300018310547,248.3300018310547,1335500,0.0,0.0
2013-11-27 00:00:00-05:00,248.52999877929688,249.9499969482422,246.02000427246094,247.02999877929688,203900,0.0,0.0
2013-11-29 00:00:00-05:00,248.24000549316406,249.55999755859375,246.14999389648438,246.57000732421875,71000,0.0,0.0
2013-12-02 00:00:00-05:00,247.97000122070312,249.61000061035156,245.3000030517578,246.67999267578125,151900,0.0,0.0
2013-12-03 00:00:00-05:00,245.27999877929688,247.02999877929688,243.52000427246094,244.8300018310547,152600,0.0,0.0
2013-12-04 00:00:00-05:00,243.57000732421875,246.52999877929688,242.02999877929688,245.0399932861328,108000,0.0,0.0
2013-12-05 00:00:00-05:00,236.85000610351562,246.2100067138672,235.86000061035156,245.97000122070312,165900,0.0,0.0
2013-12-06 00:00:00-05:00,247.24000549316406,248.99000549316406,245.91000366210938,247.1199951171875,194500,0.0,0.0
2013-12-09 00:00:00-05:00,246.69000244140625,247.3000030517578,245.25999450683594,245.44000244140625,178900,0.0,0.0
2013-12-10 00:00:00-05:00,244.66000366210938,246.10000610351562,242.32000732421875,243.39999389648438,230200,0.0,0.0
2013-12-11 00:00:00-05:00,243.25999450683594,244.58999633789062,239.02000427246094,239.32000732421875,157800,0.0,0.0
2013-12-12 00:00:00-05:00,239.38999938964844,240.72000122070312,238.05999755859375,240.02999877929688,84600,0.0,0.0
2013-12-13 00:00:00-05:00,240.2899932861328,242.6199951171875,239.9199981689453,241.02000427246094,109500,0.0,0.0
2013-12-16 00:00:00-05:00,242.42999267578125,244.3699951171875,242.13999938964844,242.52999877929688,68900,0.0,0.0
2013-12-17 00:00:00-05:00,242.75999450683594,242.75999450683594,240.00999450683594,241.69000244140625,100100,0.0,0.0
2013-12-18 00:00:00-05:00,242.4199981689453,245.63999938964844,240.72000122070312,245.25999450683594,161100,0.0,0.0
2013-12-19 00:00:00-05:00,245.08999633789062,245.08999633789062,239.7899932861328,240.72000122070312,324400,0.0,0.0
2013-12-20 00:00:00-05:00,240.6999969482422,241.9600067138672,239.94000244140625,241.07000732421875,320200,0.0,0.0
2013-12-23 00:00:00-05:00,242.64999389648438,243.8000030517578,242.44000244140625,243.0800018310547,163000,0.0,0.0
2013-12-24 00:00:00-05:00,243.7899932861328,243.7899932861328,242.10000610351562,242.85000610351562,65000,0.0,0.0
2013-12-26 00:00:00-05:00,243.61000061035156,243.61000061035156,242.3300018310547,242.88999938964844,71800,0.0,0.0
2013-12-27 00:00:00-05:00,242.72000122070312,244.99000549316406,242.72000122070312,244.00999450683594,71300,0.0,0.0
2013-12-30 00:00:00-05:00,243.75,245.5500030517578,241.72000122070312,241.8000030517578,112800,0.0,0.0
2013-12-31 00:00:00-05:00,242.4499969482422,243.2899932861328,242.0800018310547,242.58999633789062,113200,0.0,0.0
2014-01-02 00:00:00-05:00,241.08999633789062,243.19000244140625,239.9199981689453,241.52999877929688,154400,0.0,0.0
2014-01-03 00:00:00-05:00,241.1699981689453,243.8800048828125,239.02999877929688,242.7100067138672,149900,0.0,0.0
2014-01-06 00:00:00-05:00,243.1699981689453,244.77999877929688,241.14999389648438,242.4199981689453,183600,0.0,0.0
2014-01-07 00:00:00-05:00,243.7100067138672,248.9199981689453,243.25999450683594,248.36000061035156,189000,0.0,0.0
2014-01-08 00:00:00-05:00,247.94000244140625,249.77000427246094,246.77999877929688,249.6699981689453,151200,0.0,0.0
2014-01-09 00:00:00-05:00,250.0500030517578,251.22000122070312,248.58999633789062,249.5,161300,0.0,0.0
2014-01-10 00:00:00-05:00,249.94000244140625,250.52999877929688,247.85000610351562,249.99000549316406,89000,0.0,0.0
2014-01-13 00:00:00-05:00,248.91000366210938,250.63999938964844,245.9499969482422,247.27000427246094,80100,0.0,0.0
2014-01-14 00:00:00-05:00,248.5500030517578,252.5399932861328,245.8800048828125,252.4499969482422,124300,0.0,0.0
2014-01-15 00:00:00-05:00,252.19000244140625,254.02999877929688,249.74000549316406,253.1999969482422,135800,0.0,0.0
2014-01-16 00:00:00-05:00,252.49000549316406,254.72999572753906,251.8300018310547,254.07000732421875,68100,0.0,0.0
2014-01-17 00:00:00-05:00,252.9199981689453,255.25,251.6999969482422,254.2899932861328,80700,0.0,0.0
2014-01-21 00:00:00-05:00,254.75999450683594,256.0,252.7899932861328,255.72999572753906,67500,0.0,0.0
2014-01-22 00:00:00-05:00,256.07000732421875,256.9800109863281,254.47000122070312,255.85000610351562,62800,0.0,0.0
2014-01-23 00:00:00-05:00,255.58999633789062,256.94000244140625,251.58999633789062,253.58999633789062,137600,0.0,0.0
2014-01-24 00:00:00-05:00,251.6300048828125,251.6300048828125,243.08999633789062,243.44000244140625,235800,0.0,0.0
2014-01-27 00:00:00-05:00,243.67999267578125,243.67999267578125,240.14999389648438,241.6199951171875,174300,0.0,0.0
2014-01-28 00:00:00-05:00,242.0500030517578,248.74000549316406,241.8800048828125,248.6300048828125,264800,0.0,0.0
2014-01-29 00:00:00-05:00,245.86000061035156,249.9600067138672,244.0,244.6699981689453,191700,0.0,0.0
2014-01-30 00:00:00-05:00,249.2100067138672,249.6199951171875,246.0500030517578,249.42999267578125,160300,0.0,0.0
2014-01-31 00:00:00-05:00,243.02999877929688,247.9600067138672,243.02999877929688,246.3000030517578,139600,0.0,0.0
2014-02-03 00:00:00-05:00,246.36000061035156,247.85000610351562,234.33999633789062,234.7100067138672,354600,0.0,0.0
2014-02-04 00:00:00-05:00,236.6300048828125,238.89999389648438,235.22999572753906,237.80999755859375,500100,0.0,0.0
2014-02-05 00:00:00-05:00,238.80999755859375,238.80999755859375,235.1999969482422,235.8699951171875,337100,0.0,0.0
2014-02-06 00:00:00-05:00,242.1999969482422,254.9600067138672,242.1999969482422,254.0,503100,0.0,0.0
2014-02-07 00:00:00-05:00,254.0,258.30999755859375,250.6699981689453,255.24000549316406,237000,0.0,0.0
2014-02-10 00:00:00-05:00,254.47000122070312,255.7899932861328,252.91000366210938,254.44000244140625,190400,0.0,0.0
2014-02-11 00:00:00-05:00,254.24000549316406,255.50999450683594,251.8699951171875,254.3300018310547,183000,0.0,0.0
2014-02-12 00:00:00-05:00,254.0,255.25999450683594,249.8000030517578,251.9499969482422,215200,0.0,0.0
2014-02-13 00:00:00-05:00,250.72999572753906,252.72000122070312,250.00999450683594,251.9199981689453,171900,0.0,0.0
2014-02-14 00:00:00-05:00,251.02999877929688,252.77999877929688,248.5,249.63999938964844,209300,0.0,0.0
2014-02-18 00:00:00-05:00,249.49000549316406,250.3699951171875,246.6999969482422,247.00999450683594,245500,0.0,0.0
2014-02-19 00:00:00-05:00,246.58999633789062,248.0399932861328,243.64999389648438,243.8000030517578,151700,0.0,0.0
2014-02-20 00:00:00-05:00,244.8699951171875,246.05999755859375,243.7100067138672,245.0399932861328,266500,0.0,0.0
2014-02-21 00:00:00-05:00,245.13999938964844,245.63999938964844,243.13999938964844,243.17999267578125,165000,0.0,0.0
2014-02-24 00:00:00-05:00,244.39999389648438,246.55999755859375,244.02000427246094,245.88999938964844,375400,0.0,0.0
2014-02-25 00:00:00-05:00,246.58999633789062,246.97999572753906,244.77999877929688,246.1699981689453,195400,0.0,0.0
2014-02-26 00:00:00-05:00,248.0,249.3800048828125,245.0500030517578,248.0500030517578,179700,0.0,0.0
2014-02-27 00:00:00-05:00,247.08999633789062,248.47000122070312,246.50999450683594,247.27999877929688,129700,0.0,0.0
2014-02-28 00:00:00-05:00,247.07000732421875,248.0,244.6300048828125,245.75999450683594,174300,0.0,0.0
2014-03-03 00:00:00-05:00,245.6199951171875,245.92999267578125,240.27000427246094,241.0800018310547,182800,0.0,0.0
2014-03-04 00:00:00-05:00,244.75,245.6999969482422,243.4499969482422,245.07000732421875,162700,0.0,0.0
2014-03-05 00:00:00-05:00,245.1999969482422,246.3300018310547,243.57000732421875,243.60000610351562,167800,0.0,0.0
2014-03-06 00:00:00-05:00,244.94000244140625,245.5399932861328,243.25,244.5800018310547,95200,0.0,0.0
2014-03-07 00:00:00-05:00,246.2899932861328,246.3000030517578,244.3699951171875,245.58999633789062,99600,0.0,0.0
2014-03-10 00:00:00-04:00,245.58999633789062,247.0800018310547,242.5,244.47999572753906,102000,0.0,0.0
2014-03-11 00:00:00-04:00,244.63999938964844,245.2100067138672,241.58999633789062,243.27000427246094,114600,0.0,0.0
2014-03-12 00:00:00-04:00,241.80999755859375,243.94000244140625,240.3699951171875,243.72000122070312,121300,0.0,0.0
2014-03-13 00:00:00-04:00,244.72000122070312,245.3300018310547,238.60000610351562,238.9199981689453,129300,0.0,0.0
2014-03-14 00:00:00-04:00,238.9199981689453,239.6199951171875,236.27999877929688,236.55999755859375,142600,0.0,0.0
2014-03-17 00:00:00-04:00,238.1699981689453,240.2899932861328,237.33999633789062,238.75,129500,0.0,0.0
2014-03-18 00:00:00-04:00,238.80999755859375,242.11000061035156,237.8699951171875,241.24000549316406,106400,0.0,0.0
2014-03-19 00:00:00-04:00,241.0,242.89999389648438,236.2100067138672,236.97000122070312,97000,0.0,0.0
2014-03-20 00:00:00-04:00,236.6300048828125,238.8800048828125,236.6300048828125,238.39999389648438,55900,0.0,0.0
2014-03-21 00:00:00-04:00,239.0800018310547,239.0800018310547,235.27000427246094,235.57000732421875,192100,0.0,0.0
2014-03-24 00:00:00-04:00,236.57000732421875,236.57000732421875,229.05999755859375,232.1199951171875,220300,0.0,0.0
2014-03-25 00:00:00-04:00,233.3800048828125,235.19000244140625,232.05999755859375,233.6999969482422,237100,0.0,0.0
2014-03-26 00:00:00-04:00,235.52999877929688,235.77000427246094,232.9199981689453,233.22000122070312,168600,0.0,0.0
2014-03-27 00:00:00-04:00,233.8000030517578,234.24000549316406,230.57000732421875,231.19000244140625,91500,0.0,0.0
2014-03-28 00:00:00-04:00,232.61000061035156,235.36000061035156,231.6199951171875,232.0800018310547,147500,0.0,0.0
2014-03-31 00:00:00-04:00,233.42999267578125,236.2899932861328,231.86000061035156,235.67999267578125,257200,0.0,0.0
2014-04-01 00:00:00-04:00,236.02999877929688,238.6199951171875,234.5,238.27999877929688,204200,0.0,0.0
2014-04-02 00:00:00-04:00,239.07000732421875,242.2899932861328,237.8699951171875,240.1699981689453,167100,0.0,0.0
2014-04-03 00:00:00-04:00,240.60000610351562,242.6999969482422,239.14999389648438,240.0399932861328,112400,0.0,0.0
2014-04-04 00:00:00-04:00,241.8300018310547,243.49000549316406,234.25,235.08999633789062,106900,0.0,0.0
2014-04-07 00:00:00-04:00,234.64999389648438,235.5399932861328,227.9499969482422,229.22000122070312,142200,0.0,0.0
2014-04-08 00:00:00-04:00,229.3000030517578,233.00999450683594,228.08999633789062,232.42999267578125,151000,0.0,0.0
2014-04-09 00:00:00-04:00,234.07000732421875,235.1300048828125,229.83999633789062,233.24000549316406,201800,0.0,0.0
2014-04-10 00:00:00-04:00,232.80999755859375,232.80999755859375,224.3699951171875,224.3699951171875,287900,0.0,0.0
2014-04-11 00:00:00-04:00,223.5,226.60000610351562,223.2100067138672,223.8000030517578,164200,0.0,0.0
2014-04-14 00:00:00-04:00,225.5500030517578,227.99000549316406,223.1699981689453,224.8699951171875,153200,0.0,0.0
2014-04-15 00:00:00-04:00,225.27000427246094,226.75,221.0,224.99000549316406,212500,0.0,0.0
2014-04-16 00:00:00-04:00,226.88999938964844,229.64999389648438,226.49000549316406,228.85000610351562,169100,0.0,0.0
2014-04-17 00:00:00-04:00,229.02999877929688,235.2899932861328,228.25,233.5,261300,0.0,0.0
2014-04-21 00:00:00-04:00,233.6699981689453,234.9600067138672,231.92999267578125,233.85000610351562,85700,0.0,0.0
2014-04-22 00:00:00-04:00,234.07000732421875,237.0399932861328,234.07000732421875,234.24000549316406,131200,0.0,0.0
2014-04-23 00:00:00-04:00,234.1999969482422,235.8800048828125,232.13999938964844,234.3000030517578,124000,0.0,0.0
2014-04-24 00:00:00-04:00,235.66000366210938,236.97000122070312,231.57000732421875,234.10000610351562,98700,0.0,0.0
2014-04-25 00:00:00-04:00,233.92999267578125,234.94000244140625,229.4600067138672,229.99000549316406,84000,0.0,0.0
2014-04-28 00:00:00-04:00,231.3300018310547,231.57000732421875,226.86000061035156,230.47000122070312,257700,0.0,0.0
2014-04-29 00:00:00-04:00,230.0,230.25,227.27000427246094,228.2899932861328,146700,0.0,0.0
2014-04-30 00:00:00-04:00,228.27000427246094,233.60000610351562,227.6699981689453,233.1199951171875,189800,0.0,0.0
2014-05-01 00:00:00-04:00,233.49000549316406,236.99000549316406,231.9199981689453,233.14999389648438,114900,0.0,0.0
2014-05-02 00:00:00-04:00,232.75999450683594,236.1300048828125,231.83999633789062,235.3000030517578,140800,0.0,0.0
2014-05-05 00:00:00-04:00,233.39999389648438,238.41000366210938,231.5,237.72999572753906,213500,0.0,0.0
2014-05-06 00:00:00-04:00,236.8300018310547,238.25999450683594,235.13999938964844,235.82000732421875,257400,0.0,0.0
2014-05-07 00:00:00-04:00,236.08999633789062,237.24000549316406,231.97999572753906,236.61000061035156,246700,0.0,0.0
2014-05-08 00:00:00-04:00,236.61000061035156,241.41000366210938,235.38999938964844,235.85000610351562,241100,0.0,0.0
2014-05-09 00:00:00-04:00,234.4600067138672,244.47000122070312,232.5800018310547,241.7899932861328,247500,0.0,0.0
2014-05-12 00:00:00-04:00,241.0,244.02999877929688,238.5,241.47999572753906,200500,0.0,0.0
2014-05-13 00:00:00-04:00,242.10000610351562,243.10000610351562,240.3000030517578,240.9199981689453,108900,0.0,0.0
2014-05-14 00:00:00-04:00,240.97999572753906,241.5,239.8000030517578,240.50999450683594,204400,0.0,0.0
2014-05-15 00:00:00-04:00,240.47000122070312,242.1999969482422,238.74000549316406,241.63999938964844,271200,0.0,0.0
2014-05-16 00:00:00-04:00,240.97000122070312,245.7899932861328,240.9600067138672,245.25999450683594,217900,0.0,0.0
2014-05-19 00:00:00-04:00,244.52999877929688,245.0,242.72000122070312,243.88999938964844,167700,0.0,0.0
2014-05-20 00:00:00-04:00,242.97999572753906,244.7899932861328,241.0800018310547,241.85000610351562,169100,0.0,0.0
2014-05-21 00:00:00-04:00,243.24000549316406,244.99000549316406,241.36000061035156,242.25999450683594,85800,0.0,0.0
2014-05-22 00:00:00-04:00,242.6699981689453,244.75999450683594,241.50999450683594,243.0,73200,0.0,0.0
2014-05-23 00:00:00-04:00,243.1699981689453,245.35000610351562,242.08999633789062,245.13999938964844,78900,0.0,0.0
2014-05-27 00:00:00-04:00,246.80999755859375,247.66000366210938,244.0399932861328,244.97000122070312,101000,0.0,0.0
2014-05-28 00:00:00-04:00,244.72999572753906,246.64999389648438,244.50999450683594,245.2899932861328,105600,0.0,0.0
2014-05-29 00:00:00-04:00,245.1999969482422,247.16000366210938,244.27999877929688,245.66000366210938,120400,0.0,0.0
2014-05-30 00:00:00-04:00,245.4499969482422,246.58999633789062,244.35000610351562,245.02000427246094,174000,0.0,0.0
2014-06-02 00:00:00-04:00,245.27000427246094,247.6199951171875,244.02000427246094,246.50999450683594,135400,0.0,0.0
2014-06-03 00:00:00-04:00,245.41000366210938,246.94000244140625,244.16000366210938,244.6199951171875,195300,0.0,0.0
2014-06-04 00:00:00-04:00,244.3300018310547,245.5500030517578,243.05999755859375,244.60000610351562,161800,0.0,0.0
2014-06-05 00:00:00-04:00,244.6999969482422,249.58999633789062,244.6999969482422,249.30999755859375,100000,0.0,0.0
2014-06-06 00:00:00-04:00,249.32000732421875,250.52000427246094,248.72000122070312,250.1999969482422,108400,0.0,0.0
2014-06-09 00:00:00-04:00,249.42999267578125,253.1300048828125,249.42999267578125,251.4499969482422,105700,0.0,0.0
2014-06-10 00:00:00-04:00,250.47000122070312,251.22000122070312,248.41000366210938,248.6199951171875,134800,0.0,0.0
2014-06-11 00:00:00-04:00,247.8699951171875,249.08999633789062,245.9199981689453,246.91000366210938,170500,0.0,0.0
2014-06-12 00:00:00-04:00,246.7100067138672,248.25999450683594,244.44000244140625,245.33999633789062,155800,0.0,0.0
2014-06-13 00:00:00-04:00,246.41000366210938,248.07000732421875,245.00999450683594,247.35000610351562,89500,0.0,0.0
2014-06-16 00:00:00-04:00,247.07000732421875,248.38999938964844,244.0,245.39999389648438,97600,0.0,0.0
2014-06-17 00:00:00-04:00,245.0,249.32000732421875,243.77000427246094,247.00999450683594,145600,0.0,0.0
2014-06-18 00:00:00-04:00,247.02999877929688,248.19000244140625,245.8800048828125,247.6699981689453,92700,0.0,0.0
2014-06-19 00:00:00-04:00,248.49000549316406,249.41000366210938,246.2100067138672,246.99000549316406,99500,0.0,0.0
2014-06-20 00:00:00-04:00,247.92999267578125,252.75999450683594,247.92999267578125,250.24000549316406,224600,0.0,0.0
2014-06-23 00:00:00-04:00,250.69000244140625,251.99000549316406,250.17999267578125,251.0500030517578,110600,0.0,0.0
2014-06-24 00:00:00-04:00,250.0399932861328,251.64999389648438,247.50999450683594,247.6699981689453,142000,0.0,0.0
2014-06-25 00:00:00-04:00,247.60000610351562,249.5800018310547,245.9499969482422,248.5500030517578,74700,0.0,0.0
2014-06-26 00:00:00-04:00,248.89999389648438,249.47000122070312,245.61000061035156,248.89999389648438,75700,0.0,0.0
2014-06-27 00:00:00-04:00,248.88999938964844,253.36000061035156,248.22000122070312,251.35000610351562,179400,0.0,0.0
2014-06-30 00:00:00-04:00,250.9499969482422,253.33999633789062,250.25,253.17999267578125,135200,0.0,0.0
2014-07-01 00:00:00-04:00,254.3300018310547,258.19000244140625,253.9199981689453,257.010009765625,242500,0.0,0.0
2014-07-02 00:00:00-04:00,256.6199951171875,257.29998779296875,254.80999755859375,255.0399932861328,115500,0.0,0.0
2014-07-03 00:00:00-04:00,255.2100067138672,258.04998779296875,255.2100067138672,256.739990234375,48600,0.0,0.0
2014-07-07 00:00:00-04:00,256.67999267578125,256.67999267578125,253.41000366210938,255.3000030517578,100200,0.0,0.0
2014-07-08 00:00:00-04:00,254.2899932861328,254.5399932861328,251.77999877929688,254.1699981689453,93100,0.0,0.0
2014-07-09 00:00:00-04:00,254.5500030517578,254.5500030517578,251.83999633789062,252.83999633789062,99800,0.0,0.0
2014-07-10 00:00:00-04:00,249.27999877929688,251.55999755859375,248.67999267578125,250.5399932861328,87100,0.0,0.0
2014-07-11 00:00:00-04:00,250.8300018310547,252.1699981689453,249.24000549316406,251.27999877929688,82900,0.0,0.0
2014-07-14 00:00:00-04:00,253.35000610351562,253.38999938964844,251.36000061035156,252.4600067138672,75800,0.0,0.0
2014-07-15 00:00:00-04:00,252.5500030517578,253.4600067138672,250.08999633789062,252.6199951171875,74200,0.0,0.0
2014-07-16 00:00:00-04:00,253.47999572753906,253.92999267578125,250.08999633789062,253.6199951171875,166100,0.0,0.0
2014-07-17 00:00:00-04:00,251.82000732421875,253.25999450683594,249.60000610351562,249.99000549316406,102700,0.0,0.0
2014-07-18 00:00:00-04:00,251.3300018310547,255.00999450683594,251.00999450683594,254.6199951171875,82900,0.0,0.0
2014-07-21 00:00:00-04:00,253.22999572753906,255.44000244140625,252.36000061035156,254.74000549316406,164400,0.0,0.0
2014-07-22 00:00:00-04:00,255.4199981689453,262.3299865722656,255.14999389648438,262.25,224100,0.0,0.0
2014-07-23 00:00:00-04:00,265.67999267578125,267.2200012207031,258.010009765625,259.010009765625,144400,0.0,0.0
2014-07-24 00:00:00-04:00,260.5899963378906,260.8299865722656,257.8999938964844,259.7900085449219,154400,0.0,0.0
2014-07-25 00:00:00-04:00,255.67999267578125,265.8399963378906,251.25,263.54998779296875,289900,0.0,0.0
2014-07-28 00:00:00-04:00,263.3399963378906,264.0299987792969,259.4700012207031,261.3900146484375,151300,0.0,0.0
2014-07-29 00:00:00-04:00,261.3699951171875,262.3500061035156,258.9800109863281,259.2699890136719,159400,0.0,0.0
2014-07-30 00:00:00-04:00,260.94000244140625,261.80999755859375,258.70001220703125,261.7799987792969,125600,0.0,0.0
2014-07-31 00:00:00-04:00,259.2900085449219,260.7099914550781,255.02000427246094,257.1400146484375,119700,0.0,0.0
2014-08-01 00:00:00-04:00,256.9700012207031,257.260009765625,253.16000366210938,255.75999450683594,185900,0.0,0.0
2014-08-04 00:00:00-04:00,256.5899963378906,258.1700134277344,253.02999877929688,257.6600036621094,149200,0.0,0.0
2014-08-05 00:00:00-04:00,256.3999938964844,259.4700012207031,256.3999938964844,258.0199890136719,99300,0.0,0.0
2014-08-06 00:00:00-04:00,256.6099853515625,259.44000244140625,256.6099853515625,257.2200012207031,146800,0.0,0.0
2014-08-07 00:00:00-04:00,258.1700134277344,259.3900146484375,256.3999938964844,257.45001220703125,120900,0.0,0.0
2014-08-08 00:00:00-04:00,257.6099853515625,260.989990234375,256.8500061035156,260.1199951171875,99100,0.0,0.0
2014-08-11 00:00:00-04:00,261.989990234375,263.010009765625,258.6499938964844,259.82000732421875,130600,0.0,0.0
2014-08-12 00:00:00-04:00,259.0400085449219,260.7900085449219,257.55999755859375,259.04998779296875,108800,0.0,0.0
2014-08-13 00:00:00-04:00,259.9700012207031,264.17999267578125,259.510009765625,264.010009765625,139100,0.0,0.0
2014-08-14 00:00:00-04:00,263.9800109863281,266.6400146484375,262.739990234375,265.79998779296875,124500,0.0,0.0
2014-08-15 00:00:00-04:00,267.0,268.7300109863281,265.0199890136719,266.3599853515625,118800,0.0,0.0
2014-08-18 00:00:00-04:00,267.8800048828125,270.6700134277344,266.989990234375,269.3599853515625,195900,0.0,0.0
2014-08-19 00:00:00-04:00,270.45001220703125,270.45001220703125,268.57000732421875,269.6000061035156,150900,0.0,0.0
2014-08-20 00:00:00-04:00,268.4800109863281,271.05999755859375,267.8599853515625,270.79998779296875,79400,0.0,0.0
2014-08-21 00:00:00-04:00,271.6199951171875,272.239990234375,269.739990234375,271.6499938964844,120800,0.0,0.0
2014-08-22 00:00:00-04:00,271.9700012207031,273.32000732421875,269.1400146484375,269.4700012207031,94800,0.0,0.0
2014-08-25 00:00:00-04:00,270.489990234375,272.5,269.82000732421875,270.6400146484375,62400,0.0,0.0
2014-08-26 00:00:00-04:00,271.8999938964844,272.239990234375,270.239990234375,271.4200134277344,72000,0.0,0.0
2014-08-27 00:00:00-04:00,272.239990234375,272.239990234375,269.739990234375,270.54998779296875,71400,0.0,0.0
2014-08-28 00:00:00-04:00,269.9599914550781,271.8500061035156,269.4100036621094,270.44000244140625,53800,0.0,0.0
2014-08-29 00:00:00-04:00,271.6199951171875,271.6199951171875,269.6499938964844,270.4800109863281,66700,0.0,0.0
2014-09-02 00:00:00-04:00,270.0799865722656,274.3599853515625,269.92999267578125,272.7799987792969,142400,0.0,0.0
2014-09-03 00:00:00-04:00,272.8999938964844,274.4800109863281,271.8900146484375,272.8399963378906,105900,0.0,0.0
2014-09-04 00:00:00-04:00,272.8299865722656,274.4200134277344,270.3900146484375,271.2200012207031,121000,0.0,0.0
2014-09-05 00:00:00-04:00,270.9100036621094,272.5799865722656,269.239990234375,272.2799987792969,88500,0.0,0.0
2014-09-08 00:00:00-04:00,272.1600036621094,273.17999267578125,269.7699890136719,270.7099914550781,140900,0.0,0.0
2014-09-09 00:00:00-04:00,270.9100036621094,270.9100036621094,267.6099853515625,267.8699951171875,83000,0.0,0.0
2014-09-10 00:00:00-04:00,269.3599853515625,269.3599853515625,265.4100036621094,267.9100036621094,127800,0.0,0.0
2014-09-11 00:00:00-04:00,266.7099914550781,271.54998779296875,266.7099914550781,270.1499938964844,114500,0.0,0.0
2014-09-12 00:00:00-04:00,270.1000061035156,271.75,267.6300048828125,269.1199951171875,102700,0.0,0.0
2014-09-15 00:00:00-04:00,269.57000732421875,269.57000732421875,266.70001220703125,267.510009765625,68400,0.0,0.0
2014-09-16 00:00:00-04:00,267.5799865722656,269.5400085449219,265.2799987792969,267.8599853515625,178800,0.0,0.0
2014-09-17 00:00:00-04:00,267.8900146484375,268.8599853515625,265.760009765625,267.19000244140625,68300,0.0,0.0
2014-09-18 00:00:00-04:00,267.44000244140625,269.1700134277344,266.45001220703125,268.0400085449219,57100,0.0,0.0
2014-09-19 00:00:00-04:00,268.57000732421875,270.4100036621094,264.6300048828125,265.3599853515625,175100,0.0,0.0
2014-09-22 00:00:00-04:00,265.3999938964844,265.69000244140625,261.30999755859375,262.2699890136719,145300,0.0,0.0
2014-09-23 00:00:00-04:00,262.1000061035156,262.20001220703125,259.260009765625,259.4100036621094,147800,0.0,0.0
2014-09-24 00:00:00-04:00,259.8500061035156,262.9800109863281,257.989990234375,262.1700134277344,114600,0.0,0.0
2014-09-25 00:00:00-04:00,260.80999755859375,261.7699890136719,257.55999755859375,258.67999267578125,128400,0.0,0.0
2014-09-26 00:00:00-04:00,258.95001220703125,260.0299987792969,257.0199890136719,258.3399963378906,124600,0.0,0.0
2014-09-29 00:00:00-04:00,254.75999450683594,258.3800048828125,254.75999450683594,257.3599853515625,102700,0.0,0.0
2014-09-30 00:00:00-04:00,256.55999755859375,258.1400146484375,255.02000427246094,256.1300048828125,159300,0.0,0.0
2014-10-01 00:00:00-04:00,256.69000244140625,257.3999938964844,251.42999267578125,251.7899932861328,216600,0.0,0.0
2014-10-02 00:00:00-04:00,251.99000549316406,253.66000366210938,249.08999633789062,251.4199981689453,167200,0.0,0.0
2014-10-03 00:00:00-04:00,252.75,254.0500030517578,251.55999755859375,252.33999633789062,118400,0.0,0.0
2014-10-06 00:00:00-04:00,253.9600067138672,254.49000549316406,251.94000244140625,253.58999633789062,107900,0.0,0.0
2014-10-07 00:00:00-04:00,252.0399932861328,252.97999572753906,248.47000122070312,248.52000427246094,76700,0.0,0.0
2014-10-08 00:00:00-04:00,248.77000427246094,252.94000244140625,246.32000732421875,252.61000061035156,98800,0.0,0.0
2014-10-09 00:00:00-04:00,251.66000366210938,252.52999877929688,246.30999755859375,247.25999450683594,128400,0.0,0.0
2014-10-10 00:00:00-04:00,247.9600067138672,248.47000122070312,239.83999633789062,240.27000427246094,165200,0.0,0.0
2014-10-13 00:00:00-04:00,240.60000610351562,242.30999755859375,236.1699981689453,236.64999389648438,129300,0.0,0.0
2014-10-14 00:00:00-04:00,237.25999450683594,239.69000244140625,236.02000427246094,236.4199981689453,134600,0.0,0.0
2014-10-15 00:00:00-04:00,232.6300048828125,235.8699951171875,229.60000610351562,233.85000610351562,253900,0.0,0.0
2014-10-16 00:00:00-04:00,228.89999389648438,237.85000610351562,228.3000030517578,236.63999938964844,212100,0.0,0.0
2014-10-17 00:00:00-04:00,240.0,242.1199951171875,239.86000061035156,240.9199981689453,79900,0.0,0.0
2014-10-20 00:00:00-04:00,240.02999877929688,241.92999267578125,237.17999267578125,241.64999389648438,120300,0.0,0.0
2014-10-21 00:00:00-04:00,244.9499969482422,250.60000610351562,244.50999450683594,250.5800018310547,118700,0.0,0.0
2014-10-22 00:00:00-04:00,250.0,250.1699981689453,244.72999572753906,245.24000549316406,132000,0.0,0.0
2014-10-23 00:00:00-04:00,248.52999877929688,251.4600067138672,246.74000549316406,250.2899932861328,62100,0.0,0.0
2014-10-24 00:00:00-04:00,250.88999938964844,253.36000061035156,248.9600067138672,252.0,83900,0.0,0.0
2014-10-27 00:00:00-04:00,251.89999389648438,253.6699981689453,250.0800018310547,253.1999969482422,87000,0.0,0.0
2014-10-28 00:00:00-04:00,254.83999633789062,257.07000732421875,253.00999450683594,256.92999267578125,69100,0.0,0.0
2014-10-29 00:00:00-04:00,256.8999938964844,257.1199951171875,253.0,255.6300048828125,100100,0.0,0.0
2014-10-30 00:00:00-04:00,254.75,258.79998779296875,254.0399932861328,257.8999938964844,96500,0.0,0.0
2014-10-31 00:00:00-04:00,261.05999755859375,262.1300048828125,257.1700134277344,258.4700012207031,136600,0.0,0.0
2014-11-03 00:00:00-05:00,258.3699951171875,261.6600036621094,257.7099914550781,259.6300048828125,170900,0.0,0.0
2014-11-04 00:00:00-05:00,259.70001220703125,261.3299865722656,257.82000732421875,259.80999755859375,77100,0.0,0.0
2014-11-05 00:00:00-05:00,260.82000732421875,261.5,258.82000732421875,259.7900085449219,130800,0.0,0.0
2014-11-06 00:00:00-05:00,259.7300109863281,263.9800109863281,258.739990234375,263.6199951171875,172900,0.0,0.0
2014-11-07 00:00:00-05:00,272.0,278.0799865722656,269.260009765625,277.69000244140625,218600,0.0,0.0
2014-11-10 00:00:00-05:00,277.5,280.760009765625,276.04998779296875,280.2799987792969,277200,0.0,0.0
2014-11-11 00:00:00-05:00,280.4100036621094,288.55999755859375,279.0799865722656,287.0299987792969,273700,0.0,0.0
2014-11-12 00:00:00-05:00,285.4100036621094,287.67999267578125,283.0799865722656,284.70001220703125,154400,0.0,0.0
2014-11-13 00:00:00-05:00,285.44000244140625,290.92999267578125,284.989990234375,290.0299987792969,229000,0.0,0.0
2014-11-14 00:00:00-05:00,289.6400146484375,290.6499938964844,285.5799865722656,288.2699890136719,137700,0.0,0.0
2014-11-17 00:00:00-05:00,289.6300048828125,293.0299987792969,287.6199951171875,288.9700012207031,208200,0.0,0.0
2014-11-18 00:00:00-05:00,288.25,293.6700134277344,288.25,291.6499938964844,198800,0.0,0.0
2014-11-19 00:00:00-05:00,291.4700012207031,293.30999755859375,290.5799865722656,292.4100036621094,96900,0.0,0.0
2014-11-20 00:00:00-05:00,290.29998779296875,293.4599914550781,290.29998779296875,292.510009765625,110200,0.0,0.0
2014-11-21 00:00:00-05:00,294.3999938964844,295.8299865722656,292.79998779296875,293.5400085449219,114700,0.0,0.0
2014-11-24 00:00:00-05:00,293.6199951171875,297.3500061035156,293.6199951171875,296.8900146484375,152100,0.0,0.0
2014-11-25 00:00:00-05:00,298.8299865722656,300.30999755859375,295.5,295.92999267578125,150300,0.0,0.0
2014-11-26 00:00:00-05:00,296.3599853515625,296.6700134277344,292.6300048828125,294.0799865722656,129400,0.0,0.0
2014-11-28 00:00:00-05:00,292.5299987792969,295.2900085449219,292.2099914550781,293.260009765625,67400,0.0,0.0
2014-12-01 00:00:00-05:00,291.29998779296875,294.4700012207031,290.2099914550781,292.0400085449219,174300,0.0,0.0
2014-12-02 00:00:00-05:00,292.80999755859375,296.4800109863281,292.80999755859375,294.7900085449219,138300,0.0,0.0
2014-12-03 00:00:00-05:00,293.57000732421875,298.6499938964844,293.0,298.42999267578125,91400,0.0,0.0
2014-12-04 00:00:00-05:00,298.8599853515625,300.3299865722656,296.9100036621094,298.1099853515625,157800,0.0,0.0
2014-12-05 00:00:00-05:00,298.0299987792969,299.260009765625,294.1600036621094,295.70001220703125,169400,0.0,0.0
2014-12-08 00:00:00-05:00,294.3900146484375,298.3900146484375,291.54998779296875,292.0,155700,0.0,0.0
2014-12-09 00:00:00-05:00,288.5799865722656,293.2099914550781,288.5799865722656,292.67999267578125,208300,0.0,0.0
2014-12-10 00:00:00-05:00,292.2200012207031,293.7699890136719,285.6199951171875,286.6499938964844,191000,0.0,0.0
2014-12-11 00:00:00-05:00,290.07000732421875,294.3999938964844,288.2200012207031,290.3399963378906,129600,0.0,0.0
2014-12-12 00:00:00-05:00,288.1099853515625,291.5799865722656,287.239990234375,287.70001220703125,97100,0.0,0.0
2014-12-15 00:00:00-05:00,289.25,290.6600036621094,278.4599914550781,281.1300048828125,215900,0.0,0.0
2014-12-16 00:00:00-05:00,279.1499938964844,283.69000244140625,279.010009765625,279.1700134277344,134000,0.0,0.0
2014-12-17 00:00:00-05:00,279.7300109863281,290.510009765625,278.67999267578125,290.1499938964844,242200,0.0,0.0
2014-12-18 00:00:00-05:00,288.5,296.05999755859375,288.5,295.82000732421875,135500,0.0,0.0
2014-12-19 00:00:00-05:00,295.7300109863281,301.54998779296875,294.260009765625,300.3599853515625,263900,0.0,0.0
2014-12-22 00:00:00-05:00,301.30999755859375,301.8800048828125,296.9200134277344,301.1400146484375,112800,0.0,0.0
2014-12-23 00:00:00-05:00,303.8900146484375,303.9800109863281,299.9700012207031,301.04998779296875,135200,0.0,0.0
2014-12-24 00:00:00-05:00,302.2300109863281,304.239990234375,301.239990234375,302.8800048828125,40900,0.0,0.0
2014-12-26 00:00:00-05:00,303.1400146484375,305.6099853515625,302.989990234375,304.3299865722656,54200,0.0,0.0
2014-12-29 00:00:00-05:00,303.4800109863281,306.9200134277344,302.989990234375,305.8900146484375,67800,0.0,0.0
2014-12-30 00:00:00-05:00,305.20001220703125,306.9100036621094,303.7699890136719,305.44000244140625,60400,0.0,0.0
2014-12-31 00:00:00-05:00,305.2699890136719,308.6700134277344,302.3999938964844,302.4599914550781,108900,0.0,0.0
2015-01-02 00:00:00-05:00,303.20001220703125,306.9100036621094,299.07000732421875,301.95001220703125,64600,0.0,0.0
2015-01-05 00:00:00-05:00,299.6099853515625,300.739990234375,294.6199951171875,295.45001220703125,99500,0.0,0.0
2015-01-06 00:00:00-05:00,295.1199951171875,297.7300109863281,288.94000244140625,291.1199951171875,145200,0.0,0.0
2015-01-07 00:00:00-05:00,295.3900146484375,296.6199951171875,293.5199890136719,296.489990234375,145500,0.0,0.0
2015-01-08 00:00:00-05:00,299.9599914550781,303.8399963378906,298.5899963378906,300.7200012207031,124200,0.0,0.0
2015-01-09 00:00:00-05:00,301.67999267578125,302.70001220703125,297.8599853515625,299.2799987792969,65500,0.0,0.0
2015-01-12 00:00:00-05:00,299.6700134277344,299.6700134277344,294.75,296.32000732421875,86900,0.0,0.0
2015-01-13 00:00:00-05:00,298.260009765625,303.4599914550781,292.9800109863281,296.6400146484375,87900,0.0,0.0
2015-01-14 00:00:00-05:00,293.82000732421875,298.19000244140625,291.9599914550781,297.19000244140625,83300,0.0,0.0
2015-01-15 00:00:00-05:00,297.25,297.25,286.3500061035156,289.0899963378906,273300,0.0,0.0
2015-01-16 00:00:00-05:00,287.95001220703125,292.5199890136719,287.8900146484375,292.0,203700,0.0,0.0
2015-01-20 00:00:00-05:00,293.8599853515625,296.0,289.5899963378906,294.54998779296875,153300,0.0,0.0
2015-01-21 00:00:00-05:00,295.1099853515625,297.42999267578125,293.07000732421875,295.7699890136719,100800,0.0,0.0
2015-01-22 00:00:00-05:00,298.0199890136719,307.6499938964844,294.3699951171875,304.7699890136719,154200,0.0,0.0
2015-01-23 00:00:00-05:00,304.55999755859375,305.3800048828125,302.3900146484375,303.04998779296875,118300,0.0,0.0
2015-01-26 00:00:00-05:00,301.6199951171875,303.9800109863281,298.8900146484375,303.5,117900,0.0,0.0
2015-01-27 00:00:00-05:00,299.989990234375,301.80999755859375,296.3699951171875,298.5,131600,0.0,0.0
2015-01-28 00:00:00-05:00,300.75,306.3599853515625,298.9200134277344,299.7699890136719,125800,0.0,0.0
2015-01-29 00:00:00-05:00,299.2099914550781,306.6099853515625,296.489990234375,305.55999755859375,150000,0.0,0.0
2015-01-30 00:00:00-05:00,304.2200012207031,305.989990234375,299.2300109863281,303.95001220703125,187800,0.0,0.0
2015-02-02 00:00:00-05:00,304.92999267578125,308.1499938964844,300.80999755859375,307.0799865722656,256000,0.0,0.0
2015-02-03 00:00:00-05:00,308.29998779296875,312.2099914550781,306.05999755859375,311.2900085449219,192100,0.0,0.0
2015-02-04 00:00:00-05:00,311.2799987792969,312.8999938964844,308.30999755859375,310.489990234375,161300,0.0,0.0
2015-02-05 00:00:00-05:00,313.010009765625,314.07000732421875,309.7900085449219,311.2699890136719,176000,0.0,0.0
2015-02-06 00:00:00-05:00,328.0,328.0,306.8999938964844,308.9100036621094,237500,0.0,0.0
2015-02-09 00:00:00-05:00,305.95001220703125,308.0899963378906,302.8900146484375,304.8399963378906,196000,0.0,0.0
2015-02-10 00:00:00-05:00,305.7699890136719,307.04998779296875,302.0199890136719,302.8800048828125,165300,0.0,0.0
2015-02-11 00:00:00-05:00,302.95001220703125,305.9800109863281,301.9599914550781,303.4200134277344,107900,0.0,0.0
2015-02-12 00:00:00-05:00,305.8299865722656,308.5799865722656,305.8299865722656,307.1300048828125,151300,0.0,0.0
2015-02-13 00:00:00-05:00,306.7300109863281,308.9100036621094,305.6400146484375,307.0,111500,0.0,0.0
2015-02-17 00:00:00-05:00,306.5199890136719,310.25,305.0199890136719,309.1300048828125,147300,0.0,0.0
2015-02-18 00:00:00-05:00,308.0400085449219,311.94000244140625,306.32000732421875,310.0,111800,0.0,0.0
2015-02-19 00:00:00-05:00,309.3900146484375,311.989990234375,308.42999267578125,309.2200012207031,98300,0.0,0.0
2015-02-20 00:00:00-05:00,308.44000244140625,314.19000244140625,306.4800109863281,313.6300048828125,90500,0.0,0.0
2015-02-23 00:00:00-05:00,313.6300048828125,314.95001220703125,310.79998779296875,312.4700012207031,80500,0.0,0.0
2015-02-24 00:00:00-05:00,312.75,314.75,312.2200012207031,313.0400085449219,76900,0.0,0.0
2015-02-25 00:00:00-05:00,313.0899963378906,318.6099853515625,311.57000732421875,316.9200134277344,113100,0.0,0.0
2015-02-26 00:00:00-05:00,315.8900146484375,317.54998779296875,314.29998779296875,314.6600036621094,83600,0.0,0.0
2015-02-27 00:00:00-05:00,313.80999755859375,316.19000244140625,313.69000244140625,314.1700134277344,73900,0.0,0.0
2015-03-02 00:00:00-05:00,314.07000732421875,318.25,311.6499938964844,317.5199890136719,113500,0.0,0.0
2015-03-03 00:00:00-05:00,317.2200012207031,317.9599914550781,311.6700134277344,315.19000244140625,100200,0.0,0.0
2015-03-04 00:00:00-05:00,312.739990234375,315.1600036621094,309.8299865722656,312.9800109863281,93700,0.0,0.0
2015-03-05 00:00:00-05:00,313.5,314.7799987792969,311.45001220703125,313.6600036621094,209200,0.0,0.0
2015-03-06 00:00:00-05:00,312.5799865722656,314.2699890136719,310.5299987792969,310.9700012207031,141600,0.0,0.0
2015-03-09 00:00:00-04:00,308.92999267578125,312.6199951171875,308.739990234375,310.3800048828125,130500,0.0,0.0
2015-03-10 00:00:00-04:00,308.1499938964844,309.6099853515625,305.5199890136719,306.2699890136719,144900,0.0,0.0
2015-03-11 00:00:00-04:00,306.739990234375,310.57000732421875,305.8900146484375,309.4599914550781,114700,0.0,0.0
2015-03-12 00:00:00-04:00,312.07000732421875,317.9200134277344,311.67999267578125,317.0899963378906,88600,0.0,0.0
2015-03-13 00:00:00-04:00,317.0299987792969,318.75,313.010009765625,314.6499938964844,118100,0.0,0.0
2015-03-16 00:00:00-04:00,317.57000732421875,322.0400085449219,316.489990234375,320.7300109863281,113800,0.0,0.0
2015-03-17 00:00:00-04:00,318.2200012207031,320.8900146484375,316.0799865722656,320.5400085449219,182600,0.0,0.0
2015-03-18 00:00:00-04:00,316.20001220703125,326.57000732421875,316.20001220703125,324.3900146484375,130400,0.0,0.0
2015-03-19 00:00:00-04:00,327.9599914550781,332.4700012207031,325.07000732421875,330.7099914550781,166800,0.0,0.0
2015-03-20 00:00:00-04:00,331.8299865722656,332.45001220703125,330.260009765625,331.8399963378906,248600,0.0,0.0
2015-03-23 00:00:00-04:00,332.4200134277344,333.45001220703125,328.510009765625,328.6700134277344,79600,0.0,0.0
2015-03-24 00:00:00-04:00,327.7699890136719,329.4599914550781,324.8699951171875,325.1700134277344,111200,0.0,0.0
2015-03-25 00:00:00-04:00,325.30999755859375,327.6499938964844,320.0899963378906,320.3999938964844,80400,0.0,0.0
2015-03-26 00:00:00-04:00,318.6099853515625,320.8399963378906,318.1499938964844,318.8800048828125,84400,0.0,0.0
2015-03-27 00:00:00-04:00,319.6199951171875,324.54998779296875,318.6400146484375,323.2900085449219,60500,0.0,0.0
2015-03-30 00:00:00-04:00,323.8900146484375,327.6700134277344,323.57000732421875,324.8299865722656,111000,0.0,0.0
2015-03-31 00:00:00-04:00,321.9200134277344,331.0199890136719,321.9200134277344,328.6499938964844,156100,0.0,0.0
2015-04-01 00:00:00-04:00,327.4200134277344,327.4200134277344,320.5400085449219,325.0899963378906,127400,0.0,0.0
2015-04-02 00:00:00-04:00,323.30999755859375,326.70001220703125,319.70001220703125,321.4700012207031,141800,0.0,0.0
2015-04-06 00:00:00-04:00,320.2900085449219,327.0199890136719,320.2900085449219,326.1600036621094,151800,0.0,0.0
2015-04-07 00:00:00-04:00,326.5,329.7099914550781,322.8800048828125,322.8999938964844,114200,0.0,0.0
2015-04-08 00:00:00-04:00,322.8999938964844,327.4599914550781,322.4200134277344,326.7699890136719,126500,0.0,0.0
2015-04-09 00:00:00-04:00,325.95001220703125,329.4200134277344,324.260009765625,329.2300109863281,122200,0.0,0.0
2015-04-10 00:00:00-04:00,331.1700134277344,332.1300048828125,327.1300048828125,331.1499938964844,71700,0.0,0.0
2015-04-13 00:00:00-04:00,331.3399963378906,333.4700012207031,327.1000061035156,327.6000061035156,103600,0.0,0.0
2015-04-14 00:00:00-04:00,327.739990234375,328.1400146484375,323.7099914550781,324.5,89600,0.0,0.0
2015-04-15 00:00:00-04:00,325.4100036621094,328.260009765625,325.2699890136719,327.0899963378906,73700,0.0,0.0
2015-04-16 00:00:00-04:00,327.4800109863281,327.5799865722656,324.54998779296875,325.739990234375,54800,0.0,0.0
2015-04-17 00:00:00-04:00,324.2799987792969,325.239990234375,319.0400085449219,320.5400085449219,112500,0.0,0.0
2015-04-20 00:00:00-04:00,321.8399963378906,325.010009765625,320.67999267578125,323.19000244140625,104200,0.0,0.0
2015-04-21 00:00:00-04:00,325.0799865722656,325.0799865722656,322.5199890136719,323.4800109863281,46600,0.0,0.0
2015-04-22 00:00:00-04:00,322.6000061035156,324.5299987792969,320.2699890136719,324.1400146484375,71000,0.0,0.0
2015-04-23 00:00:00-04:00,324.239990234375,326.6499938964844,323.07000732421875,324.3599853515625,63000,0.0,0.0
2015-04-24 00:00:00-04:00,324.5199890136719,326.4700012207031,321.4100036621094,322.05999755859375,62000,0.0,0.0
2015-04-27 00:00:00-04:00,322.55999755859375,324.8500061035156,319.25,320.0199890136719,88500,0.0,0.0
2015-04-28 00:00:00-04:00,320.0799865722656,323.739990234375,317.82000732421875,322.42999267578125,70000,0.0,0.0
2015-04-29 00:00:00-04:00,321.3999938964844,322.8399963378906,318.1700134277344,320.55999755859375,125400,0.0,0.0
2015-04-30 00:00:00-04:00,318.0799865722656,323.7699890136719,315.19000244140625,317.010009765625,185500,0.0,0.0
2015-05-01 00:00:00-04:00,318.17999267578125,322.1199951171875,317.30999755859375,320.5,149400,0.0,0.0
2015-05-04 00:00:00-04:00,320.9700012207031,324.25,320.9700012207031,324.0400085449219,84900,0.0,0.0
2015-05-05 00:00:00-04:00,322.5899963378906,324.8699951171875,318.95001220703125,321.2300109863281,146100,0.0,0.0
2015-05-06 00:00:00-04:00,321.32000732421875,323.67999267578125,319.2699890136719,323.3900146484375,156500,0.0,0.0
2015-05-07 00:00:00-04:00,324.5299987792969,325.75,319.7200012207031,321.8900146484375,145000,0.0,0.0
2015-05-08 00:00:00-04:00,338.25,338.489990234375,324.6600036621094,326.2900085449219,338200,0.0,0.0
2015-05-11 00:00:00-04:00,325.0400085449219,327.4599914550781,323.6499938964844,325.0199890136719,183700,0.0,0.0
2015-05-12 00:00:00-04:00,323.8699951171875,324.6000061035156,321.32000732421875,321.6099853515625,191900,0.0,0.0
2015-05-13 00:00:00-04:00,323.3299865722656,326.0,320.5899963378906,323.4200134277344,192900,0.0,0.0
2015-05-14 00:00:00-04:00,324.80999755859375,325.6199951171875,322.7200012207031,325.6000061035156,139500,0.0,0.0
2015-05-15 00:00:00-04:00,326.57000732421875,327.6099853515625,323.739990234375,325.6199951171875,130300,0.0,0.0
2015-05-18 00:00:00-04:00,324.25,328.2200012207031,324.0199890136719,327.54998779296875,126700,0.0,0.0
2015-05-19 00:00:00-04:00,328.010009765625,330.4800109863281,326.3699951171875,329.5899963378906,127900,0.0,0.0
2015-05-20 00:00:00-04:00,329.5899963378906,332.2300109863281,327.8599853515625,331.29998779296875,109500,0.0,0.0
2015-05-21 00:00:00-04:00,331.6000061035156,333.20001220703125,328.20001220703125,330.8399963378906,143000,0.0,0.0
2015-05-22 00:00:00-04:00,330.44000244140625,331.54998779296875,328.6000061035156,330.5899963378906,110300,0.0,0.0
2015-05-26 00:00:00-04:00,328.29998779296875,328.29998779296875,324.0299987792969,325.2799987792969,146500,0.0,0.0
2015-05-27 00:00:00-04:00,326.7300109863281,330.2099914550781,326.6499938964844,330.0199890136719,129600,0.0,0.0
2015-05-28 00:00:00-04:00,329.44000244140625,331.2099914550781,327.6300048828125,328.17999267578125,126600,0.0,0.0
2015-05-29 00:00:00-04:00,326.4200134277344,328.1099853515625,324.0,324.67999267578125,171000,0.0,0.0
2015-06-01 00:00:00-04:00,325.1600036621094,327.7099914550781,321.79998779296875,325.6099853515625,132200,0.0,0.0
2015-06-02 00:00:00-04:00,324.94000244140625,330.989990234375,322.989990234375,329.2099914550781,137600,0.0,0.0
2015-06-03 00:00:00-04:00,331.17999267578125,336.3999938964844,329.5299987792969,336.1300048828125,185500,0.0,0.0
2015-06-04 00:00:00-04:00,334.760009765625,336.5799865722656,329.1400146484375,329.8900146484375,112400,0.0,0.0
2015-06-05 00:00:00-04:00,329.1000061035156,330.7799987792969,328.0299987792969,329.6600036621094,150300,0.0,0.0
2015-06-08 00:00:00-04:00,329.4599914550781,331.0899963378906,327.54998779296875,328.32000732421875,82400,0.0,0.0
2015-06-09 00:00:00-04:00,329.4800109863281,333.239990234375,327.5799865722656,332.6600036621094,138300,0.0,0.0
2015-06-10 00:00:00-04:00,333.6199951171875,338.0199890136719,333.6199951171875,336.8900146484375,118000,0.0,0.0
2015-06-11 00:00:00-04:00,337.75,340.25,337.20001220703125,340.0899963378906,138800,0.0,0.0
2015-06-12 00:00:00-04:00,338.8699951171875,340.04998779296875,335.8999938964844,337.5400085449219,87900,0.0,0.0
2015-06-15 00:00:00-04:00,336.4800109863281,337.5899963378906,331.3399963378906,336.6099853515625,109300,0.0,0.0
2015-06-16 00:00:00-04:00,335.6099853515625,340.0199890136719,335.6099853515625,339.4100036621094,159300,0.0,0.0
2015-06-17 00:00:00-04:00,340.5799865722656,343.5199890136719,338.8900146484375,343.1400146484375,131500,0.0,0.0
2015-06-18 00:00:00-04:00,342.9100036621094,346.6700134277344,341.1499938964844,342.0400085449219,192800,0.0,0.0
2015-06-19 00:00:00-04:00,343.0799865722656,343.0799865722656,337.9800109863281,338.0,144800,0.0,0.0
2015-06-22 00:00:00-04:00,340.7099914550781,343.67999267578125,338.6499938964844,343.2900085449219,243700,0.0,0.0
2015-06-23 00:00:00-04:00,343.3399963378906,345.6499938964844,341.9700012207031,343.44000244140625,112800,0.0,0.0
2015-06-24 00:00:00-04:00,343.7300109863281,344.8500061035156,341.07000732421875,342.45001220703125,143300,0.0,0.0
2015-06-25 00:00:00-04:00,342.760009765625,343.42999267578125,337.2900085449219,342.4800109863281,163100,0.0,0.0
2015-06-26 00:00:00-04:00,343.4800109863281,346.1400146484375,340.4700012207031,343.1199951171875,225400,0.0,0.0
2015-06-29 00:00:00-04:00,340.75,342.7900085449219,337.8599853515625,339.0,170800,0.0,0.0
2015-06-30 00:00:00-04:00,342.0,342.3699951171875,338.7300109863281,341.4599914550781,133300,0.0,0.0
2015-07-01 00:00:00-04:00,343.9599914550781,348.2699890136719,341.9599914550781,344.9599914550781,229400,0.0,0.0
2015-07-02 00:00:00-04:00,345.5199890136719,346.79998779296875,342.8699951171875,346.4599914550781,112900,0.0,0.0
2015-07-06 00:00:00-04:00,343.92999267578125,348.8699951171875,341.8500061035156,346.1300048828125,111500,0.0,0.0
2015-07-07 00:00:00-04:00,346.8500061035156,346.8500061035156,341.70001220703125,345.2799987792969,183700,0.0,0.0
2015-07-08 00:00:00-04:00,342.489990234375,343.260009765625,327.739990234375,329.010009765625,485700,0.0,0.0
2015-07-09 00:00:00-04:00,333.42999267578125,333.42999267578125,327.92999267578125,329.1000061035156,151000,0.0,0.0
2015-07-10 00:00:00-04:00,331.6099853515625,335.5799865722656,331.1099853515625,334.6400146484375,138900,0.0,0.0
2015-07-13 00:00:00-04:00,337.20001220703125,340.2900085449219,335.9599914550781,339.7900085449219,149800,0.0,0.0
2015-07-14 00:00:00-04:00,340.7900085449219,342.739990234375,339.82000732421875,341.8800048828125,120800,0.0,0.0
2015-07-15 00:00:00-04:00,342.9599914550781,343.3500061035156,339.489990234375,340.8699951171875,160600,0.0,0.0
2015-07-16 00:00:00-04:00,343.2300109863281,345.9800109863281,340.5400085449219,345.6700134277344,262500,0.0,0.0
2015-07-17 00:00:00-04:00,345.57000732421875,346.6099853515625,343.55999755859375,345.010009765625,130200,0.0,0.0
2015-07-20 00:00:00-04:00,346.010009765625,350.1099853515625,344.989990234375,346.9200134277344,202700,0.0,0.0
2015-07-21 00:00:00-04:00,345.95001220703125,348.29998779296875,339.0299987792969,341.0,295700,0.0,0.0
2015-07-22 00:00:00-04:00,340.7300109863281,347.0,339.7200012207031,340.3500061035156,237700,0.0,0.0
2015-07-23 00:00:00-04:00,341.3500061035156,342.8999938964844,336.8299865722656,337.5199890136719,194900,0.0,0.0
2015-07-24 00:00:00-04:00,337.6000061035156,340.9100036621094,334.5799865722656,335.7300109863281,157100,0.0,0.0
2015-07-27 00:00:00-04:00,334.0,334.0,328.29998779296875,329.57000732421875,291300,0.0,0.0
2015-07-28 00:00:00-04:00,332.25,336.9200134277344,329.760009765625,334.989990234375,198000,0.0,0.0
2015-07-29 00:00:00-04:00,334.6600036621094,341.260009765625,333.1099853515625,337.75,131900,0.0,0.0
2015-07-30 00:00:00-04:00,337.6400146484375,344.260009765625,334.1099853515625,340.3800048828125,159000,0.0,0.0
2015-07-31 00:00:00-04:00,336.9700012207031,338.0,327.42999267578125,337.6000061035156,451500,0.0,0.0
2015-08-03 00:00:00-04:00,338.4100036621094,339.5400085449219,330.94000244140625,332.989990234375,215100,0.0,0.0
2015-08-04 00:00:00-04:00,332.510009765625,335.5199890136719,328.989990234375,330.0,147900,0.0,0.0
2015-08-05 00:00:00-04:00,332.0799865722656,334.9100036621094,330.0299987792969,332.9599914550781,160800,0.0,0.0
2015-08-06 00:00:00-04:00,332.4800109863281,335.79998779296875,326.0,327.1000061035156,157400,0.0,0.0
2015-08-07 00:00:00-04:00,327.3699951171875,329.6700134277344,324.0899963378906,329.3299865722656,180500,0.0,0.0
2015-08-10 00:00:00-04:00,329.2099914550781,336.0,329.2099914550781,334.1199951171875,191800,0.0,0.0
2015-08-11 00:00:00-04:00,329.5,330.989990234375,325.1000061035156,327.5,226600,0.0,0.0
2015-08-12 00:00:00-04:00,325.0,327.7099914550781,316.0,319.4100036621094,341700,0.0,0.0
2015-08-13 00:00:00-04:00,318.8500061035156,325.05999755859375,318.8500061035156,321.6099853515625,169900,0.0,0.0
2015-08-14 00:00:00-04:00,320.79998779296875,324.0,318.44000244140625,322.0299987792969,113200,0.0,0.0
2015-08-17 00:00:00-04:00,320.6099853515625,327.30999755859375,318.1000061035156,326.6000061035156,91000,0.0,0.0
2015-08-18 00:00:00-04:00,326.5,329.92999267578125,323.32000732421875,325.1099853515625,121500,0.0,0.0
2015-08-19 00:00:00-04:00,323.2200012207031,324.1099853515625,318.8699951171875,320.9200134277344,118500,0.0,0.0
2015-08-20 00:00:00-04:00,317.7099914550781,323.5299987792969,310.739990234375,311.2900085449219,187500,0.0,0.0
2015-08-21 00:00:00-04:00,306.6700134277344,310.8599853515625,302.4200134277344,304.760009765625,340600,0.0,0.0
2015-08-24 00:00:00-04:00,288.2799987792969,301.0400085449219,280.54998779296875,291.0799865722656,440600,0.0,0.0
2015-08-25 00:00:00-04:00,298.9800109863281,300.2900085449219,285.5799865722656,287.6700134277344,336800,0.0,0.0
2015-08-26 00:00:00-04:00,294.760009765625,301.55999755859375,288.3299865722656,298.95001220703125,293400,0.0,0.0
2015-08-27 00:00:00-04:00,302.9599914550781,306.0899963378906,298.6600036621094,305.69000244140625,147200,0.0,0.0
2015-08-28 00:00:00-04:00,304.1700134277344,306.6099853515625,299.6600036621094,300.20001220703125,217400,0.0,0.0
2015-08-31 00:00:00-04:00,299.79998779296875,300.3800048828125,294.80999755859375,296.54998779296875,235300,0.0,0.0
2015-09-01 00:00:00-04:00,289.69000244140625,292.760009765625,285.9700012207031,286.7900085449219,247700,0.0,0.0
2015-09-02 00:00:00-04:00,290.54998779296875,297.17999267578125,287.0299987792969,297.17999267578125,173800,0.0,0.0
2015-09-03 00:00:00-04:00,297.6400146484375,301.0400085449219,294.1400146484375,296.2699890136719,150400,0.0,0.0
2015-09-04 00:00:00-04:00,293.239990234375,295.95001220703125,288.4800109863281,288.989990234375,307800,0.0,0.0
2015-09-08 00:00:00-04:00,297.25,301.54998779296875,294.7099914550781,298.25,223900,0.0,0.0
2015-09-09 00:00:00-04:00,302.0400085449219,304.6300048828125,297.0,298.0899963378906,249200,0.0,0.0
2015-09-10 00:00:00-04:00,295.0,296.8399963378906,289.17999267578125,290.9599914550781,373100,0.0,0.0
2015-09-11 00:00:00-04:00,290.510009765625,302.4100036621094,287.7799987792969,299.7699890136719,396400,0.0,0.0
2015-09-14 00:00:00-04:00,299.3399963378906,300.0199890136719,293.8900146484375,294.5,195800,0.0,0.0
2015-09-15 00:00:00-04:00,295.5,298.4599914550781,293.44000244140625,296.3999938964844,130200,0.0,0.0
2015-09-16 00:00:00-04:00,297.1600036621094,302.2300109863281,294.6700134277344,299.8599853515625,148400,0.0,0.0
2015-09-17 00:00:00-04:00,300.4100036621094,306.3999938964844,297.8800048828125,303.1400146484375,188200,0.0,0.0
2015-09-18 00:00:00-04:00,300.69000244140625,301.0299987792969,292.9200134277344,293.45001220703125,432100,0.0,0.0
2015-09-21 00:00:00-04:00,294.19000244140625,298.2799987792969,291.4100036621094,292.3299865722656,166900,0.0,0.0
2015-09-22 00:00:00-04:00,288.4599914550781,291.260009765625,284.6199951171875,285.57000732421875,358000,0.0,0.0
2015-09-23 00:00:00-04:00,285.7900085449219,287.5,280.95001220703125,281.7300109863281,285800,0.0,0.0
2015-09-24 00:00:00-04:00,278.9100036621094,281.2300109863281,276.3599853515625,279.17999267578125,271900,0.0,0.0
2015-09-25 00:00:00-04:00,281.4200134277344,285.0,277.5400085449219,281.0899963378906,236900,0.0,0.0
2015-09-28 00:00:00-04:00,278.7099914550781,282.20001220703125,275.29998779296875,277.6199951171875,208600,0.0,0.0
2015-09-29 00:00:00-04:00,277.7200012207031,283.42999267578125,277.20001220703125,282.42999267578125,268000,0.0,0.0
2015-09-30 00:00:00-04:00,285.80999755859375,288.239990234375,282.8900146484375,284.739990234375,319000,0.0,0.0
2015-10-01 00:00:00-04:00,285.1199951171875,288.0400085449219,281.54998779296875,284.19000244140625,231800,0.0,0.0
2015-10-02 00:00:00-04:00,280.8299865722656,290.260009765625,280.2799987792969,290.2099914550781,94300,0.0,0.0
2015-10-05 00:00:00-04:00,292.9700012207031,295.8999938964844,286.510009765625,289.7799987792969,222900,0.0,0.0
2015-10-06 00:00:00-04:00,288.5,288.510009765625,279.30999755859375,284.4599914550781,277200,0.0,0.0
2015-10-07 00:00:00-04:00,285.2300109863281,292.6499938964844,283.6700134277344,287.6000061035156,398000,0.0,0.0
2015-10-08 00:00:00-04:00,286.5,293.4700012207031,284.510009765625,292.1700134277344,168700,0.0,0.0
2015-10-09 00:00:00-04:00,292.6000061035156,295.20001220703125,290.05999755859375,293.7099914550781,166600,0.0,0.0
2015-10-12 00:00:00-04:00,293.70001220703125,297.7699890136719,292.2699890136719,295.5199890136719,118500,0.0,0.0
2015-10-13 00:00:00-04:00,293.29998779296875,297.7900085449219,290.2900085449219,291.19000244140625,98000,0.0,0.0
2015-10-14 00:00:00-04:00,290.7799987792969,292.92999267578125,282.3500061035156,283.2699890136719,260000,0.0,0.0
2015-10-15 00:00:00-04:00,284.4200134277344,288.32000732421875,282.04998779296875,288.010009765625,216100,0.0,0.0
2015-10-16 00:00:00-04:00,289.010009765625,292.3500061035156,286.17999267578125,291.3299865722656,153500,0.0,0.0
2015-10-19 00:00:00-04:00,290.94000244140625,295.8299865722656,290.0299987792969,291.3999938964844,137200,0.0,0.0
2015-10-20 00:00:00-04:00,290.94000244140625,296.1099853515625,290.7300109863281,294.42999267578125,170200,0.0,0.0
2015-10-21 00:00:00-04:00,296.2799987792969,300.0299987792969,292.8599853515625,293.1300048828125,222500,0.0,0.0
2015-10-22 00:00:00-04:00,294.260009765625,302.3999938964844,294.260009765625,300.44000244140625,274800,0.0,0.0
2015-10-23 00:00:00-04:00,303.6099853515625,306.2200012207031,300.45001220703125,304.2699890136719,184900,0.0,0.0
2015-10-26 00:00:00-04:00,302.75,302.75,297.7300109863281,300.67999267578125,186400,0.0,0.0
2015-10-27 00:00:00-04:00,300.3999938964844,305.8399963378906,297.0199890136719,300.57000732421875,204700,0.0,0.0
2015-10-28 00:00:00-04:00,301.8999938964844,307.69000244140625,299.8800048828125,307.3699951171875,180500,0.0,0.0
2015-10-29 00:00:00-04:00,305.4599914550781,311.239990234375,305.4599914550781,309.42999267578125,209500,0.0,0.0
2015-10-30 00:00:00-04:00,309.6199951171875,312.5199890136719,307.260009765625,310.989990234375,212500,0.0,0.0
2015-11-02 00:00:00-05:00,311.3699951171875,314.3999938964844,310.25,313.0799865722656,158800,0.0,0.0
2015-11-03 00:00:00-05:00,311.489990234375,315.4599914550781,310.6099853515625,314.25,553400,0.0,0.0
2015-11-04 00:00:00-05:00,314.4700012207031,315.7300109863281,311.7300109863281,312.8800048828125,176300,0.0,0.0
2015-11-05 00:00:00-05:00,314.0,315.4800109863281,310.6199951171875,312.3599853515625,283100,0.0,0.0
2015-11-06 00:00:00-05:00,325.0,334.44000244140625,316.19000244140625,327.6600036621094,362000,0.0,0.0
2015-11-09 00:00:00-05:00,326.9700012207031,330.4800109863281,323.30999755859375,328.0899963378906,246400,0.0,0.0
2015-11-10 00:00:00-05:00,326.8699951171875,332.2300109863281,325.80999755859375,331.70001220703125,228700,0.0,0.0
2015-11-11 00:00:00-05:00,333.239990234375,336.6199951171875,332.1000061035156,332.8299865722656,225900,0.0,0.0
2015-11-12 00:00:00-05:00,330.5199890136719,333.3900146484375,324.989990234375,325.1099853515625,160800,0.0,0.0
2015-11-13 00:00:00-05:00,325.2699890136719,330.1600036621094,323.94000244140625,328.19000244140625,164900,0.0,0.0
2015-11-16 00:00:00-05:00,326.7200012207031,333.54998779296875,326.7200012207031,333.04998779296875,173700,0.0,0.0
2015-11-17 00:00:00-05:00,333.0799865722656,339.0,331.8500061035156,336.32000732421875,170700,0.0,0.0
2015-11-18 00:00:00-05:00,337.79998779296875,341.7900085449219,334.1000061035156,341.1400146484375,218300,0.0,0.0
2015-11-19 00:00:00-05:00,340.4800109863281,341.739990234375,337.1499938964844,340.0,155400,0.0,0.0
2015-11-20 00:00:00-05:00,340.0,347.05999755859375,338.2900085449219,343.57000732421875,191700,0.0,0.0
2015-11-23 00:00:00-05:00,343.57000732421875,343.6099853515625,336.8999938964844,340.57000732421875,196500,0.0,0.0
2015-11-24 00:00:00-05:00,337.55999755859375,340.5199890136719,334.92999267578125,340.1499938964844,183000,0.0,0.0
2015-11-25 00:00:00-05:00,339.489990234375,342.07000732421875,338.1400146484375,340.0,164100,0.0,0.0
2015-11-27 00:00:00-05:00,340.82000732421875,345.1600036621094,339.45001220703125,344.7699890136719,103900,0.0,0.0
2015-11-30 00:00:00-05:00,344.1099853515625,345.45001220703125,341.239990234375,342.7799987792969,171800,0.0,0.0
2015-12-01 00:00:00-05:00,344.489990234375,346.44000244140625,339.54998779296875,342.1700134277344,175300,0.0,0.0
2015-12-02 00:00:00-05:00,341.2300109863281,344.32000732421875,335.30999755859375,336.1199951171875,198100,0.0,0.0
2015-12-03 00:00:00-05:00,336.4800109863281,338.20001220703125,330.0199890136719,332.1700134277344,249700,0.0,0.0
2015-12-04 00:00:00-05:00,332.3500061035156,341.04998779296875,331.8299865722656,338.7200012207031,207000,0.0,0.0
2015-12-07 00:00:00-05:00,337.19000244140625,339.9200134277344,335.3999938964844,338.6600036621094,137000,0.0,0.0
2015-12-08 00:00:00-05:00,338.05999755859375,339.95001220703125,330.5799865722656,334.3599853515625,274300,0.0,0.0
2015-12-09 00:00:00-05:00,332.6300048828125,335.6499938964844,328.0199890136719,331.5299987792969,222600,0.0,0.0
2015-12-10 00:00:00-05:00,331.4200134277344,336.6000061035156,325.3999938964844,333.6300048828125,134800,0.0,0.0
2015-12-11 00:00:00-05:00,330.20001220703125,332.4700012207031,327.92999267578125,330.3800048828125,148100,0.0,0.0
2015-12-14 00:00:00-05:00,329.6700134277344,334.8299865722656,329.6400146484375,334.45001220703125,178500,0.0,0.0
2015-12-15 00:00:00-05:00,336.6700134277344,339.7900085449219,332.8900146484375,336.17999267578125,138900,0.0,0.0
2015-12-16 00:00:00-05:00,338.989990234375,341.2300109863281,335.8800048828125,340.70001220703125,176800,0.0,0.0
2015-12-17 00:00:00-05:00,340.80999755859375,343.7900085449219,332.05999755859375,332.05999755859375,164200,0.0,0.0
2015-12-18 00:00:00-05:00,331.8699951171875,335.04998779296875,329.2799987792969,331.05999755859375,332400,0.0,0.0
2015-12-21 00:00:00-05:00,332.57000732421875,337.260009765625,330.1300048828125,332.7300109863281,142800,0.0,0.0
2015-12-22 00:00:00-05:00,333.6000061035156,339.1700134277344,331.1600036621094,337.1099853515625,132900,0.0,0.0
2015-12-23 00:00:00-05:00,338.6700134277344,341.29998779296875,336.6000061035156,340.0199890136719,140100,0.0,0.0
2015-12-24 00:00:00-05:00,339.5,342.6199951171875,337.6700134277344,341.8599853515625,48400,0.0,0.0
2015-12-28 00:00:00-05:00,340.3999938964844,343.9200134277344,339.54998779296875,343.4599914550781,101200,0.0,0.0
2015-12-29 00:00:00-05:00,345.29998779296875,348.3900146484375,345.2300109863281,345.75,90100,0.0,0.0
2015-12-30 00:00:00-05:00,345.5299987792969,347.2200012207031,343.29998779296875,344.1400146484375,59400,0.0,0.0
2015-12-31 00:00:00-05:00,342.5199890136719,344.7200012207031,338.7200012207031,339.1300048828125,83800,0.0,0.0
2016-01-04 00:00:00-05:00,333.07000732421875,334.7699890136719,325.7099914550781,329.3399963378906,210500,0.0,0.0
2016-01-05 00:00:00-05:00,329.3399963378906,336.79998779296875,328.70001220703125,331.3800048828125,131800,0.0,0.0
2016-01-06 00:00:00-05:00,328.239990234375,331.3399963378906,322.3699951171875,324.739990234375,194400,0.0,0.0
2016-01-07 00:00:00-05:00,318.7900085449219,320.3599853515625,314.8699951171875,315.7300109863281,229400,0.0,0.0
2016-01-08 00:00:00-05:00,318.7200012207031,321.3999938964844,313.3500061035156,313.92999267578125,210100,0.0,0.0
2016-01-11 00:00:00-05:00,315.3900146484375,319.989990234375,308.7799987792969,310.8599853515625,216100,0.0,0.0
2016-01-12 00:00:00-05:00,312.3800048828125,317.5,310.4599914550781,317.0199890136719,340000,0.0,0.0
2016-01-13 00:00:00-05:00,318.3999938964844,326.6400146484375,310.6400146484375,311.5799865722656,161800,0.0,0.0
2016-01-14 00:00:00-05:00,312.3299865722656,316.6099853515625,309.0299987792969,310.6600036621094,184200,0.0,0.0
2016-01-15 00:00:00-05:00,303.0,314.4800109863281,301.3399963378906,313.6199951171875,309000,0.0,0.0
2016-01-19 00:00:00-05:00,316.45001220703125,316.8999938964844,305.1199951171875,308.42999267578125,218300,0.0,0.0
2016-01-20 00:00:00-05:00,304.5299987792969,309.5199890136719,298.0199890136719,307.45001220703125,262700,0.0,0.0
2016-01-21 00:00:00-05:00,307.8999938964844,309.5,302.8500061035156,307.0799865722656,172500,0.0,0.0
2016-01-22 00:00:00-05:00,310.1000061035156,323.1499938964844,310.1000061035156,316.25,336000,0.0,0.0
2016-01-25 00:00:00-05:00,316.0899963378906,319.3500061035156,314.2099914550781,316.0199890136719,203300,0.0,0.0
2016-01-26 00:00:00-05:00,316.4100036621094,317.2099914550781,313.7799987792969,315.2300109863281,153700,0.0,0.0
2016-01-27 00:00:00-05:00,314.2799987792969,316.82000732421875,310.82000732421875,312.8500061035156,208200,0.0,0.0
2016-01-28 00:00:00-05:00,315.3900146484375,315.3900146484375,306.3900146484375,307.3999938964844,220800,0.0,0.0
2016-01-29 00:00:00-05:00,308.3900146484375,313.30999755859375,307.6099853515625,312.8500061035156,668300,0.0,0.0
2016-02-01 00:00:00-05:00,310.2900085449219,319.05999755859375,310.2900085449219,317.32000732421875,306200,0.0,0.0
2016-02-02 00:00:00-05:00,314.4800109863281,316.1499938964844,310.95001220703125,311.7200012207031,183100,0.0,0.0
2016-02-03 00:00:00-05:00,312.4200134277344,313.8699951171875,303.0799865722656,309.260009765625,357600,0.0,0.0
2016-02-04 00:00:00-05:00,308.17999267578125,318.0799865722656,307.0799865722656,313.9800109863281,425300,0.0,0.0
2016-02-05 00:00:00-05:00,313.67999267578125,322.239990234375,307.0,311.67999267578125,487000,0.0,0.0
2016-02-08 00:00:00-05:00,308.42999267578125,309.70001220703125,292.8900146484375,298.1400146484375,346700,0.0,0.0
2016-02-09 00:00:00-05:00,294.9700012207031,308.7099914550781,291.3299865722656,307.0,301300,0.0,0.0
2016-02-10 00:00:00-05:00,309.6700134277344,315.1400146484375,306.8900146484375,307.55999755859375,199100,0.0,0.0
2016-02-11 00:00:00-05:00,301.95001220703125,304.54998779296875,295.8900146484375,299.30999755859375,196100,0.0,0.0
2016-02-12 00:00:00-05:00,301.30999755859375,307.07000732421875,299.5299987792969,307.07000732421875,131100,0.0,0.0
2016-02-16 00:00:00-05:00,310.260009765625,314.42999267578125,308.5799865722656,312.69000244140625,165800,0.0,0.0
2016-02-17 00:00:00-05:00,314.0,321.80999755859375,313.3399963378906,321.42999267578125,195800,0.0,0.0
2016-02-18 00:00:00-05:00,321.4100036621094,321.9800109863281,315.0299987792969,316.79998779296875,151300,0.0,0.0
2016-02-19 00:00:00-05:00,314.57000732421875,322.1400146484375,314.57000732421875,322.1400146484375,164300,0.0,0.0
2016-02-22 00:00:00-05:00,325.69000244140625,325.9800109863281,321.8699951171875,324.0799865722656,162100,0.0,0.0
2016-02-23 00:00:00-05:00,322.9599914550781,329.8299865722656,314.70001220703125,316.3399963378906,167600,0.0,0.0
2016-02-24 00:00:00-05:00,313.7200012207031,316.3900146484375,309.9200134277344,315.25,130500,0.0,0.0
2016-02-25 00:00:00-05:00,317.2099914550781,319.44000244140625,314.07000732421875,318.0299987792969,101000,0.0,0.0
2016-02-26 00:00:00-05:00,318.94000244140625,320.54998779296875,316.6300048828125,316.75,88500,0.0,0.0
2016-02-29 00:00:00-05:00,317.05999755859375,319.0899963378906,314.69000244140625,314.9100036621094,189700,0.0,0.0
2016-03-01 00:00:00-05:00,316.57000732421875,331.8999938964844,316.57000732421875,329.4100036621094,236400,0.0,0.0
2016-03-02 00:00:00-05:00,329.0,331.7099914550781,325.0,330.0,177700,0.0,0.0
2016-03-03 00:00:00-05:00,329.80999755859375,333.260009765625,328.70001220703125,332.45001220703125,138400,0.0,0.0
2016-03-04 00:00:00-05:00,331.6199951171875,337.75,326.70001220703125,334.4800109863281,155300,0.0,0.0
2016-03-07 00:00:00-05:00,333.20001220703125,336.44000244140625,331.3299865722656,335.95001220703125,124100,0.0,0.0
2016-03-08 00:00:00-05:00,331.2099914550781,336.3999938964844,330.42999267578125,334.5299987792969,207900,0.0,0.0
2016-03-09 00:00:00-05:00,335.7699890136719,335.7699890136719,327.7699890136719,329.8699951171875,192800,0.0,0.0
2016-03-10 00:00:00-05:00,331.8999938964844,335.55999755859375,325.70001220703125,329.2900085449219,130000,0.0,0.0
2016-03-11 00:00:00-05:00,332.260009765625,337.55999755859375,332.1000061035156,335.70001220703125,76200,0.0,0.0
2016-03-14 00:00:00-04:00,335.489990234375,338.5799865722656,328.1000061035156,333.69000244140625,141100,0.0,0.0
2016-03-15 00:00:00-04:00,331.9200134277344,334.3299865722656,329.29998779296875,332.7300109863281,94200,0.0,0.0
2016-03-16 00:00:00-04:00,332.45001220703125,337.44000244140625,332.44000244140625,336.739990234375,81600,0.0,0.0
2016-03-17 00:00:00-04:00,337.0799865722656,337.1400146484375,332.42999267578125,332.489990234375,160600,0.0,0.0
2016-03-18 00:00:00-04:00,331.3399963378906,338.42999267578125,331.3399963378906,334.9200134277344,331200,0.0,0.0
2016-03-21 00:00:00-04:00,334.42999267578125,336.6099853515625,332.82000732421875,334.82000732421875,109100,0.0,0.0
2016-03-22 00:00:00-04:00,332.0400085449219,338.94000244140625,332.0400085449219,336.8599853515625,95600,0.0,0.0
2016-03-23 00:00:00-04:00,337.3299865722656,339.75,335.1199951171875,337.17999267578125,111700,0.0,0.0
2016-03-24 00:00:00-04:00,335.239990234375,338.3800048828125,334.5299987792969,337.8900146484375,77500,0.0,0.0
2016-03-28 00:00:00-04:00,339.05999755859375,342.57000732421875,338.3599853515625,342.0400085449219,136300,0.0,0.0
2016-03-29 00:00:00-04:00,340.54998779296875,348.42999267578125,340.54998779296875,347.0899963378906,172400,0.0,0.0
2016-03-30 00:00:00-04:00,348.94000244140625,349.0,340.6099853515625,343.239990234375,111800,0.0,0.0
2016-03-31 00:00:00-04:00,343.5299987792969,345.79998779296875,340.7799987792969,344.760009765625,123800,0.0,0.0
2016-04-01 00:00:00-04:00,342.3299865722656,350.9200134277344,342.04998779296875,349.8999938964844,178200,0.0,0.0
2016-04-04 00:00:00-04:00,350.6099853515625,353.8599853515625,348.8500061035156,350.5899963378906,126400,0.0,0.0
2016-04-05 00:00:00-04:00,350.07000732421875,359.6199951171875,345.510009765625,348.3900146484375,113100,0.0,0.0
2016-04-06 00:00:00-04:00,349.7900085449219,357.010009765625,348.5199890136719,356.5,245300,0.0,0.0
2016-04-07 00:00:00-04:00,354.04998779296875,355.95001220703125,344.010009765625,347.760009765625,197000,0.0,0.0
2016-04-08 00:00:00-04:00,351.3900146484375,353.8399963378906,349.0299987792969,350.2799987792969,118100,0.0,0.0
2016-04-11 00:00:00-04:00,351.6300048828125,355.75,346.9200134277344,350.6700134277344,134300,0.0,0.0
2016-04-12 00:00:00-04:00,350.6499938964844,355.6099853515625,349.3500061035156,354.0799865722656,108600,0.0,0.0
2016-04-13 00:00:00-04:00,356.260009765625,361.4800109863281,350.2200012207031,359.3399963378906,126500,0.0,0.0
2016-04-14 00:00:00-04:00,359.1400146484375,363.42999267578125,355.2799987792969,358.95001220703125,82900,0.0,0.0
2016-04-15 00:00:00-04:00,358.70001220703125,361.9100036621094,354.7200012207031,360.2900085449219,152600,0.0,0.0
2016-04-18 00:00:00-04:00,359.70001220703125,365.260009765625,357.5899963378906,361.2300109863281,102800,0.0,0.0
2016-04-19 00:00:00-04:00,361.07000732421875,362.7799987792969,359.9599914550781,362.17999267578125,83200,0.0,0.0
2016-04-20 00:00:00-04:00,361.44000244140625,364.07000732421875,352.7099914550781,359.7099914550781,224300,0.0,0.0
2016-04-21 00:00:00-04:00,362.3599853515625,368.4100036621094,356.8500061035156,365.1400146484375,126800,0.0,0.0
2016-04-22 00:00:00-04:00,366.67999267578125,367.8399963378906,361.6199951171875,365.7099914550781,113100,0.0,0.0
2016-04-25 00:00:00-04:00,364.2699890136719,365.5400085449219,357.3699951171875,361.45001220703125,181800,0.0,0.0
2016-04-26 00:00:00-04:00,363.57000732421875,363.57000732421875,359.2699890136719,361.6600036621094,112900,0.0,0.0
2016-04-27 00:00:00-04:00,362.9700012207031,366.9700012207031,360.7699890136719,365.489990234375,94900,0.0,0.0
2016-04-28 00:00:00-04:00,363.67999267578125,367.0899963378906,357.5,359.32000732421875,167800,0.0,0.0
2016-04-29 00:00:00-04:00,357.0799865722656,360.07000732421875,353.9800109863281,357.95001220703125,144500,0.0,0.0
2016-05-02 00:00:00-04:00,358.2300109863281,363.8299865722656,357.7799987792969,362.989990234375,135700,0.0,0.0
2016-05-03 00:00:00-04:00,359.25,360.8299865722656,356.7699890136719,359.1300048828125,84200,0.0,0.0
2016-05-04 00:00:00-04:00,357.7799987792969,357.7799987792969,351.1400146484375,354.69000244140625,158900,0.0,0.0
2016-05-05 00:00:00-04:00,357.1300048828125,364.04998779296875,356.1600036621094,364.04998779296875,240800,0.0,0.0
2016-05-06 00:00:00-04:00,362.5899963378906,363.1400146484375,348.0,357.260009765625,313200,0.0,0.0
2016-05-09 00:00:00-04:00,356.70001220703125,362.6400146484375,356.70001220703125,359.94000244140625,173100,0.0,0.0
2016-05-10 00:00:00-04:00,361.67999267578125,367.19000244140625,353.5299987792969,366.4200134277344,221700,0.0,0.0
2016-05-11 00:00:00-04:00,363.9599914550781,366.489990234375,361.1000061035156,363.4200134277344,225300,0.0,0.0
2016-05-12 00:00:00-04:00,365.25,370.1000061035156,363.3299865722656,369.2300109863281,288200,0.0,0.0
2016-05-13 00:00:00-04:00,367.30999755859375,372.0,362.1400146484375,367.92999267578125,270700,0.0,0.0
2016-05-16 00:00:00-04:00,368.2099914550781,371.9800109863281,366.6499938964844,369.8900146484375,154200,0.0,0.0
2016-05-17 00:00:00-04:00,370.3999938964844,373.4700012207031,363.29998779296875,365.6499938964844,213100,0.0,0.0
2016-05-18 00:00:00-04:00,363.8800048828125,371.2799987792969,362.6600036621094,367.82000732421875,144100,0.0,0.0
2016-05-19 00:00:00-04:00,367.5199890136719,375.7300109863281,360.79998779296875,363.3500061035156,262100,0.0,0.0
2016-05-20 00:00:00-04:00,365.3699951171875,369.3299865722656,360.80999755859375,364.04998779296875,348700,0.0,0.0
2016-05-23 00:00:00-04:00,365.239990234375,369.1000061035156,362.3599853515625,366.2099914550781,230300,0.0,0.0
2016-05-24 00:00:00-04:00,366.7099914550781,371.79998779296875,365.010009765625,371.1600036621094,260700,0.0,0.0
2016-05-25 00:00:00-04:00,371.0,374.6400146484375,368.0299987792969,368.57000732421875,193300,0.0,0.0
2016-05-26 00:00:00-04:00,368.1600036621094,371.9800109863281,367.3999938964844,370.19000244140625,214700,0.0,0.0
2016-05-27 00:00:00-04:00,371.8500061035156,373.7300109863281,369.760009765625,371.6099853515625,139400,0.0,0.0
2016-05-31 00:00:00-04:00,373.79998779296875,375.489990234375,370.9700012207031,375.32000732421875,255400,0.0,0.0
2016-06-01 00:00:00-04:00,373.1000061035156,377.7799987792969,368.6400146484375,375.94000244140625,157100,0.0,0.0
2016-06-02 00:00:00-04:00,376.8299865722656,377.5799865722656,374.5400085449219,377.3699951171875,125200,0.0,0.0
2016-06-03 00:00:00-04:00,376.1700134277344,376.1700134277344,372.0199890136719,374.1000061035156,217800,0.0,0.0
2016-06-06 00:00:00-04:00,375.70001220703125,378.7300109863281,372.9100036621094,377.989990234375,153900,0.0,0.0
2016-06-07 00:00:00-04:00,378.3800048828125,378.9700012207031,376.1300048828125,377.5799865722656,118300,0.0,0.0
2016-06-08 00:00:00-04:00,377.510009765625,385.0,376.07000732421875,384.04998779296875,275700,0.0,0.0
2016-06-09 00:00:00-04:00,383.2200012207031,386.67999267578125,379.6700134277344,385.5,162700,0.0,0.0
2016-06-10 00:00:00-04:00,381.2799987792969,383.0799865722656,377.1099853515625,377.69000244140625,214400,0.0,0.0
2016-06-13 00:00:00-04:00,374.1600036621094,380.20001220703125,371.20001220703125,375.1000061035156,152700,0.0,0.0
2016-06-14 00:00:00-04:00,373.6600036621094,375.6000061035156,371.57000732421875,373.29998779296875,95700,0.0,0.0
2016-06-15 00:00:00-04:00,375.3900146484375,377.5799865722656,372.07000732421875,372.29998779296875,78700,0.0,0.0
2016-06-16 00:00:00-04:00,370.69000244140625,375.260009765625,368.6099853515625,374.45001220703125,83800,0.0,0.0
2016-06-17 00:00:00-04:00,373.3299865722656,376.1300048828125,367.4800109863281,369.82000732421875,205800,0.0,0.0
2016-06-20 00:00:00-04:00,374.1199951171875,377.739990234375,374.1199951171875,375.989990234375,107800,0.0,0.0
2016-06-21 00:00:00-04:00,376.5400085449219,377.94000244140625,373.2900085449219,374.739990234375,119000,0.0,0.0
2016-06-22 00:00:00-04:00,375.6000061035156,383.55999755859375,374.6099853515625,377.94000244140625,106700,0.0,0.0
2016-06-23 00:00:00-04:00,377.1400146484375,382.0199890136719,375.8599853515625,381.55999755859375,172200,0.0,0.0
2016-06-24 00:00:00-04:00,366.20001220703125,373.8699951171875,360.54998779296875,361.6000061035156,351500,0.0,0.0
2016-06-27 00:00:00-04:00,358.7900085449219,362.69000244140625,343.6099853515625,348.5199890136719,381300,0.0,0.0
2016-06-28 00:00:00-04:00,351.95001220703125,357.75,348.989990234375,357.5,192600,0.0,0.0
2016-06-29 00:00:00-04:00,361.6000061035156,362.57000732421875,357.260009765625,360.6499938964844,152200,0.0,0.0
2016-06-30 00:00:00-04:00,360.5199890136719,364.95001220703125,359.489990234375,364.9200134277344,361400,0.0,0.0
2016-07-01 00:00:00-04:00,365.010009765625,371.739990234375,365.010009765625,368.9599914550781,134200,0.0,0.0
2016-07-05 00:00:00-04:00,365.1199951171875,369.8699951171875,361.75,363.19000244140625,204800,0.0,0.0
2016-07-06 00:00:00-04:00,359.8299865722656,367.8500061035156,357.57000732421875,366.6099853515625,133600,0.0,0.0
2016-07-07 00:00:00-04:00,366.3399963378906,367.9200134277344,363.45001220703125,366.75,94500,0.0,0.0
2016-07-08 00:00:00-04:00,370.8699951171875,377.19000244140625,370.8699951171875,373.0299987792969,113900,0.0,0.0
2016-07-11 00:00:00-04:00,375.8599853515625,377.3299865722656,372.4700012207031,375.32000732421875,105900,0.0,0.0
2016-07-12 00:00:00-04:00,378.32000732421875,381.9800109863281,377.92999267578125,379.1099853515625,133700,0.0,0.0
2016-07-13 00:00:00-04:00,378.1499938964844,381.489990234375,378.1499938964844,379.42999267578125,88500,0.0,0.0
2016-07-14 00:00:00-04:00,383.3800048828125,386.510009765625,383.19000244140625,385.1700134277344,153400,0.0,0.0
2016-07-15 00:00:00-04:00,386.0,387.7699890136719,384.4599914550781,385.0899963378906,67700,0.0,0.0
2016-07-18 00:00:00-04:00,385.8599853515625,387.1700134277344,382.3800048828125,384.4700012207031,118900,0.0,0.0
2016-07-19 00:00:00-04:00,382.9599914550781,385.0799865722656,381.3500061035156,385.0400085449219,98900,0.0,0.0
2016-07-20 00:00:00-04:00,386.80999755859375,391.17999267578125,386.3299865722656,389.4700012207031,82300,0.0,0.0
2016-07-21 00:00:00-04:00,387.67999267578125,389.17999267578125,382.5,385.260009765625,111800,0.0,0.0
2016-07-22 00:00:00-04:00,384.57000732421875,388.3500061035156,381.9700012207031,387.0799865722656,76400,0.0,0.0
2016-07-25 00:00:00-04:00,387.6099853515625,387.6099853515625,380.3500061035156,383.6400146484375,67200,0.0,0.0
2016-07-26 00:00:00-04:00,383.7099914550781,390.2200012207031,383.7099914550781,387.9800109863281,185600,0.0,0.0
2016-07-27 00:00:00-04:00,387.6400146484375,393.67999267578125,386.6300048828125,391.0199890136719,120000,0.0,0.0
2016-07-28 00:00:00-04:00,392.1000061035156,400.6700134277344,390.1099853515625,397.69000244140625,195600,0.0,0.0
2016-07-29 00:00:00-04:00,401.3299865722656,412.4800109863281,399.8699951171875,411.2099914550781,263700,0.0,0.0
2016-08-01 00:00:00-04:00,410.92999267578125,416.75,409.260009765625,410.739990234375,155600,0.0,0.0
2016-08-02 00:00:00-04:00,411.3599853515625,411.3599853515625,400.1700134277344,400.32000732421875,243500,0.0,0.0
2016-08-03 00:00:00-04:00,399.07000732421875,400.989990234375,397.55999755859375,398.9800109863281,198400,0.0,0.0
2016-08-04 00:00:00-04:00,398.42999267578125,400.0,395.7300109863281,396.1400146484375,212500,0.0,0.0
2016-08-05 00:00:00-04:00,397.05999755859375,399.5799865722656,395.1600036621094,398.92999267578125,195300,0.0,0.0
2016-08-08 00:00:00-04:00,399.8599853515625,400.1499938964844,397.0899963378906,398.45001220703125,156300,0.0,0.0
2016-08-09 00:00:00-04:00,398.0199890136719,401.1499938964844,398.010009765625,400.04998779296875,91700,0.0,0.0
2016-08-10 00:00:00-04:00,400.4200134277344,403.19000244140625,398.32000732421875,401.8699951171875,134000,0.0,0.0
2016-08-11 00:00:00-04:00,404.0400085449219,406.260009765625,401.9800109863281,403.3999938964844,92400,0.0,0.0
2016-08-12 00:00:00-04:00,401.04998779296875,404.010009765625,399.6199951171875,399.92999267578125,127600,0.0,0.0
2016-08-15 00:00:00-04:00,401.70001220703125,403.67999267578125,399.6099853515625,403.3299865722656,106800,0.0,0.0
2016-08-16 00:00:00-04:00,402.6400146484375,404.55999755859375,399.3999938964844,399.8599853515625,89200,0.0,0.0
2016-08-17 00:00:00-04:00,400.8399963378906,402.6199951171875,398.6700134277344,401.1000061035156,102500,0.0,0.0
2016-08-18 00:00:00-04:00,400.20001220703125,406.4800109863281,400.20001220703125,405.489990234375,167700,0.0,0.0
2016-08-19 00:00:00-04:00,404.7300109863281,410.3800048828125,402.2099914550781,407.9700012207031,207800,0.0,0.0
2016-08-22 00:00:00-04:00,405.9700012207031,409.9100036621094,405.3500061035156,408.7200012207031,117700,0.0,0.0
2016-08-23 00:00:00-04:00,409.4599914550781,413.79998779296875,409.4599914550781,410.6000061035156,151800,0.0,0.0
2016-08-24 00:00:00-04:00,408.989990234375,409.6600036621094,402.2200012207031,402.94000244140625,76000,0.0,0.0
2016-08-25 00:00:00-04:00,403.3900146484375,408.989990234375,401.95001220703125,405.0199890136719,137400,0.0,0.0
2016-08-26 00:00:00-04:00,407.0,415.0,406.2900085449219,409.45001220703125,341900,0.0,0.0
2016-08-29 00:00:00-04:00,408.67999267578125,412.42999267578125,406.9200134277344,408.07000732421875,189600,0.0,0.0
2016-08-30 00:00:00-04:00,406.760009765625,408.45001220703125,402.6000061035156,404.3299865722656,268500,0.0,0.0
2016-08-31 00:00:00-04:00,408.4800109863281,408.4800109863281,402.010009765625,403.07000732421875,346000,0.0,0.0
2016-09-01 00:00:00-04:00,404.0799865722656,407.30999755859375,401.25,404.7200012207031,258800,0.0,0.0
2016-09-02 00:00:00-04:00,408.2200012207031,408.8900146484375,401.54998779296875,401.54998779296875,5346000,0.0,0.0
2016-09-06 00:00:00-04:00,402.5,406.4100036621094,399.4100036621094,404.80999755859375,345000,0.0,0.0
2016-09-07 00:00:00-04:00,405.7300109863281,406.95001220703125,402.2200012207031,406.79998779296875,354300,0.0,0.0
2016-09-08 00:00:00-04:00,405.8699951171875,409.20001220703125,401.6199951171875,402.5400085449219,395300,0.0,0.0
2016-09-09 00:00:00-04:00,399.1000061035156,399.989990234375,388.69000244140625,388.79998779296875,256700,0.0,0.0
2016-09-12 00:00:00-04:00,387.25,396.05999755859375,386.010009765625,395.55999755859375,528800,0.0,0.0
2016-09-13 00:00:00-04:00,392.42999267578125,396.20001220703125,388.1499938964844,394.6600036621094,350600,0.0,0.0
2016-09-14 00:00:00-04:00,395.44000244140625,396.7699890136719,393.7699890136719,395.3500061035156,200500,0.0,0.0
2016-09-15 00:00:00-04:00,396.8800048828125,401.07000732421875,395.54998779296875,399.07000732421875,146900,0.0,0.0
2016-09-16 00:00:00-04:00,399.17999267578125,402.3399963378906,394.489990234375,399.7799987792969,249500,0.0,0.0
2016-09-19 00:00:00-04:00,400.04998779296875,402.55999755859375,397.6400146484375,400.260009765625,291800,0.0,0.0
2016-09-20 00:00:00-04:00,402.4800109863281,403.8900146484375,399.8999938964844,400.8800048828125,198800,0.0,0.0
2016-09-21 00:00:00-04:00,402.5199890136719,403.5,396.6400146484375,403.07000732421875,212300,0.0,0.0
2016-09-22 00:00:00-04:00,406.3299865722656,411.7200012207031,403.54998779296875,411.1700134277344,269900,0.0,0.0
2016-09-23 00:00:00-04:00,407.67999267578125,410.95001220703125,407.1600036621094,408.1700134277344,240000,0.0,0.0
2016-09-26 00:00:00-04:00,406.6099853515625,410.6499938964844,406.0799865722656,409.7799987792969,223400,0.0,0.0
2016-09-27 00:00:00-04:00,410.6400146484375,414.20001220703125,409.6600036621094,414.04998779296875,215800,0.0,0.0
2016-09-28 00:00:00-04:00,415.80999755859375,416.1499938964844,408.80999755859375,414.3800048828125,238100,0.0,0.0
2016-09-29 00:00:00-04:00,412.6000061035156,412.70001220703125,406.3500061035156,407.3299865722656,169000,0.0,0.0
2016-09-30 00:00:00-04:00,408.7300109863281,421.239990234375,408.42999267578125,419.8299865722656,363300,0.0,0.0
2016-10-03 00:00:00-04:00,418.010009765625,420.17999267578125,417.0,418.8599853515625,230800,0.0,0.0
2016-10-04 00:00:00-04:00,420.19000244140625,420.7900085449219,413.9100036621094,415.8399963378906,214900,0.0,0.0
2016-10-05 00:00:00-04:00,416.8399963378906,418.3599853515625,414.4100036621094,416.6700134277344,180400,0.0,0.0
2016-10-06 00:00:00-04:00,416.510009765625,418.94000244140625,413.2900085449219,418.82000732421875,126900,0.0,0.0
2016-10-07 00:00:00-04:00,418.489990234375,418.489990234375,414.1199951171875,417.0,153000,0.0,0.0
2016-10-10 00:00:00-04:00,420.54998779296875,424.1300048828125,419.8800048828125,423.4599914550781,166000,0.0,0.0
2016-10-11 00:00:00-04:00,422.510009765625,422.510009765625,409.54998779296875,411.44000244140625,198800,0.0,0.0
2016-10-12 00:00:00-04:00,411.760009765625,411.760009765625,409.3800048828125,410.2799987792969,167900,0.0,0.0
2016-10-13 00:00:00-04:00,407.6300048828125,407.6300048828125,403.04998779296875,405.67999267578125,194100,0.0,0.0
2016-10-14 00:00:00-04:00,409.6400146484375,410.3999938964844,405.54998779296875,406.6099853515625,175200,0.0,0.0
2016-10-17 00:00:00-04:00,404.9700012207031,409.4800109863281,403.5,409.1099853515625,228900,0.0,0.0
2016-10-18 00:00:00-04:00,413.3599853515625,416.2699890136719,408.8500061035156,410.07000732421875,154000,0.0,0.0
2016-10-19 00:00:00-04:00,410.29998779296875,411.9700012207031,408.4599914550781,411.3399963378906,164200,0.0,0.0
2016-10-20 00:00:00-04:00,410.9800109863281,412.67999267578125,409.0199890136719,410.6300048828125,115300,0.0,0.0
2016-10-21 00:00:00-04:00,408.1199951171875,408.17999267578125,404.8800048828125,407.2300109863281,147500,0.0,0.0
2016-10-24 00:00:00-04:00,414.4800109863281,414.989990234375,409.6600036621094,414.2900085449219,175600,0.0,0.0
2016-10-25 00:00:00-04:00,412.489990234375,412.489990234375,401.7099914550781,401.9200134277344,258500,0.0,0.0
2016-10-26 00:00:00-04:00,401.4100036621094,403.1199951171875,397.3900146484375,399.6300048828125,225200,0.0,0.0
2016-10-27 00:00:00-04:00,402.67999267578125,406.5799865722656,395.8699951171875,397.7300109863281,256200,0.0,0.0
2016-10-28 00:00:00-04:00,397.7900085449219,404.0,397.5799865722656,400.6700134277344,198200,0.0,0.0
2016-10-31 00:00:00-04:00,402.4100036621094,405.5899963378906,401.2200012207031,404.0799865722656,184200,0.0,0.0
2016-11-01 00:00:00-04:00,404.6199951171875,407.2099914550781,400.9100036621094,402.6000061035156,237300,0.0,0.0
2016-11-02 00:00:00-04:00,401.2699890136719,403.82000732421875,400.07000732421875,401.1099853515625,244500,0.0,0.0
2016-11-03 00:00:00-04:00,401.4200134277344,402.4100036621094,395.6099853515625,397.95001220703125,246700,0.0,0.0
2016-11-04 00:00:00-04:00,415.0,424.3900146484375,415.0,420.4599914550781,430800,0.0,0.0
2016-11-07 00:00:00-05:00,425.0,429.6499938964844,422.7099914550781,429.260009765625,372500,0.0,0.0
2016-11-08 00:00:00-05:00,429.17999267578125,432.0,424.9100036621094,429.9100036621094,214000,0.0,0.0
2016-11-09 00:00:00-05:00,434.5,434.5,423.8999938964844,426.0400085449219,277400,0.0,0.0
2016-11-10 00:00:00-05:00,429.5799865722656,430.6400146484375,419.260009765625,425.239990234375,304800,0.0,0.0
2016-11-11 00:00:00-05:00,421.95001220703125,426.3599853515625,415.7799987792969,422.29998779296875,188900,0.0,0.0
2016-11-14 00:00:00-05:00,427.0,431.989990234375,418.29998779296875,419.2799987792969,269200,0.0,0.0
2016-11-15 00:00:00-05:00,419.7900085449219,428.0299987792969,417.760009765625,426.57000732421875,229500,0.0,0.0
2016-11-16 00:00:00-05:00,427.010009765625,428.3800048828125,420.1499938964844,421.3299865722656,220400,0.0,0.0
2016-11-17 00:00:00-05:00,420.989990234375,423.1000061035156,417.5,418.4800109863281,205700,0.0,0.0
2016-11-18 00:00:00-05:00,417.9700012207031,418.8900146484375,412.45001220703125,414.9700012207031,203100,0.0,0.0
2016-11-21 00:00:00-05:00,417.3500061035156,417.54998779296875,411.6499938964844,417.1199951171875,139600,0.0,0.0
2016-11-22 00:00:00-05:00,419.510009765625,419.7200012207031,413.05999755859375,416.20001220703125,240500,0.0,0.0
2016-11-23 00:00:00-05:00,415.7900085449219,420.0,413.7699890136719,419.8500061035156,94100,0.0,0.0
2016-11-25 00:00:00-05:00,419.760009765625,423.7799987792969,418.20001220703125,419.1499938964844,74300,0.0,0.0
2016-11-28 00:00:00-05:00,417.6700134277344,422.4599914550781,414.9599914550781,415.80999755859375,147100,0.0,0.0
2016-11-29 00:00:00-05:00,416.8599853515625,423.3999938964844,415.4599914550781,421.70001220703125,168000,0.0,0.0
2016-11-30 00:00:00-05:00,420.510009765625,423.8599853515625,412.0199890136719,412.0199890136719,172200,0.0,0.0
2016-12-01 00:00:00-05:00,414.4200134277344,418.1199951171875,407.8699951171875,408.8999938964844,177600,0.0,0.0
2016-12-02 00:00:00-05:00,408.1199951171875,413.010009765625,408.1199951171875,410.8299865722656,168600,0.0,0.0
2016-12-05 00:00:00-05:00,414.30999755859375,415.8800048828125,412.04998779296875,412.92999267578125,158900,0.0,0.0
2016-12-06 00:00:00-05:00,413.1000061035156,419.739990234375,413.1000061035156,418.5899963378906,145600,0.0,0.0
2016-12-07 00:00:00-05:00,417.1000061035156,420.9800109863281,408.6499938964844,419.2900085449219,253800,0.0,0.0
2016-12-08 00:00:00-05:00,417.8299865722656,420.8399963378906,414.739990234375,418.70001220703125,273000,0.0,0.0
2016-12-09 00:00:00-05:00,418.69000244140625,423.92999267578125,416.07000732421875,421.739990234375,233100,0.0,0.0
2016-12-12 00:00:00-05:00,418.0799865722656,424.1300048828125,417.3900146484375,423.0799865722656,226500,0.0,0.0
2016-12-13 00:00:00-05:00,425.70001220703125,430.55999755859375,422.7799987792969,425.7699890136719,187600,0.0,0.0
2016-12-14 00:00:00-05:00,425.6400146484375,426.8599853515625,418.760009765625,419.55999755859375,204900,0.0,0.0
2016-12-15 00:00:00-05:00,419.0199890136719,427.0899963378906,419.0199890136719,425.7300109863281,226900,0.0,0.0
2016-12-16 00:00:00-05:00,425.32000732421875,427.8900146484375,421.4599914550781,421.9599914550781,280500,0.0,0.0
2016-12-19 00:00:00-05:00,420.6499938964844,426.6499938964844,420.1000061035156,421.25,158600,0.0,0.0
2016-12-20 00:00:00-05:00,421.1300048828125,425.7300109863281,421.05999755859375,425.3999938964844,154900,0.0,0.0
2016-12-21 00:00:00-05:00,426.2300109863281,427.0899963378906,422.760009765625,423.05999755859375,178000,0.0,0.0
2016-12-22 00:00:00-05:00,422.45001220703125,426.2699890136719,419.42999267578125,423.07000732421875,175200,0.0,0.0
2016-12-23 00:00:00-05:00,424.1700134277344,427.0899963378906,423.1700134277344,426.07000732421875,95100,0.0,0.0
2016-12-27 00:00:00-05:00,427.5899963378906,431.0199890136719,427.0299987792969,427.3299865722656,96200,0.0,0.0
2016-12-28 00:00:00-05:00,429.2300109863281,430.1000061035156,418.5400085449219,420.5799865722656,120500,0.0,0.0
2016-12-29 00:00:00-05:00,419.9200134277344,422.1400146484375,418.45001220703125,420.32000732421875,118000,0.0,0.0
2016-12-30 00:00:00-05:00,421.9800109863281,423.5899963378906,417.0299987792969,418.55999755859375,124200,0.0,0.0
2017-01-03 00:00:00-05:00,421.92999267578125,426.9200134277344,420.79998779296875,422.3500061035156,201200,0.0,0.0
2017-01-04 00:00:00-05:00,424.4100036621094,430.3800048828125,421.8999938964844,426.7200012207031,234800,0.0,0.0
2017-01-05 00:00:00-05:00,427.45001220703125,429.7900085449219,421.010009765625,422.5199890136719,257700,0.0,0.0
2017-01-06 00:00:00-05:00,422.5299987792969,432.989990234375,422.5299987792969,432.55999755859375,208300,0.0,0.0
2017-01-09 00:00:00-05:00,430.5,433.7799987792969,425.3500061035156,426.3800048828125,216800,0.0,0.0
2017-01-10 00:00:00-05:00,428.7900085449219,432.8399963378906,424.82000732421875,429.94000244140625,171400,0.0,0.0
2017-01-11 00:00:00-05:00,429.760009765625,430.04998779296875,421.7200012207031,425.739990234375,115400,0.0,0.0
2017-01-12 00:00:00-05:00,423.5299987792969,424.6199951171875,421.44000244140625,421.9200134277344,193000,0.0,0.0
2017-01-13 00:00:00-05:00,422.94000244140625,426.4800109863281,421.010009765625,424.45001220703125,112400,0.0,0.0
2017-01-17 00:00:00-05:00,424.2699890136719,427.79998779296875,420.2799987792969,421.739990234375,115700,0.0,0.0
2017-01-18 00:00:00-05:00,421.05999755859375,422.5899963378906,417.6400146484375,421.7300109863281,162800,0.0,0.0
2017-01-19 00:00:00-05:00,420.54998779296875,424.45001220703125,415.0,415.7200012207031,168900,0.0,0.0
2017-01-20 00:00:00-05:00,416.5400085449219,419.8500061035156,413.489990234375,415.0,195400,0.0,0.0
2017-01-23 00:00:00-05:00,415.9700012207031,416.7300109863281,408.9700012207031,414.5199890136719,203000,0.0,0.0
2017-01-24 00:00:00-05:00,414.9800109863281,417.6199951171875,410.05999755859375,417.5,229000,0.0,0.0
2017-01-25 00:00:00-05:00,416.4599914550781,423.239990234375,416.4599914550781,419.3399963378906,234900,0.0,0.0
2017-01-26 00:00:00-05:00,419.6199951171875,421.75,416.2200012207031,421.2200012207031,109600,0.0,0.0
2017-01-27 00:00:00-05:00,420.2699890136719,426.30999755859375,419.30999755859375,423.1300048828125,99500,0.0,0.0
2017-01-30 00:00:00-05:00,421.0,422.510009765625,415.5899963378906,422.05999755859375,166500,0.0,0.0
2017-01-31 00:00:00-05:00,422.3500061035156,427.0199890136719,420.0299987792969,426.6300048828125,194800,0.0,0.0
2017-02-01 00:00:00-05:00,427.1199951171875,435.8900146484375,427.1199951171875,435.5,375800,0.0,0.0
2017-02-02 00:00:00-05:00,434.4200134277344,436.4700012207031,430.5899963378906,433.6400146484375,276000,0.0,0.0
2017-02-03 00:00:00-05:00,447.8999938964844,467.1400146484375,443.45001220703125,462.6700134277344,506400,0.0,0.0
2017-02-06 00:00:00-05:00,461.80999755859375,466.9800109863281,457.989990234375,465.8399963378906,379800,0.0,0.0
2017-02-07 00:00:00-05:00,466.489990234375,467.69000244140625,458.7200012207031,463.2300109863281,275500,0.0,0.0
2017-02-08 00:00:00-05:00,462.3299865722656,464.55999755859375,459.3399963378906,461.3699951171875,199500,0.0,0.0
2017-02-09 00:00:00-05:00,461.3699951171875,468.6000061035156,460.79998779296875,465.42999267578125,156700,0.0,0.0
2017-02-10 00:00:00-05:00,464.6400146484375,467.6499938964844,461.75,465.3999938964844,138300,0.0,0.0
2017-02-13 00:00:00-05:00,466.44000244140625,466.989990234375,462.2799987792969,463.8500061035156,221200,0.0,0.0
2017-02-14 00:00:00-05:00,461.42999267578125,465.75,460.0,463.30999755859375,254000,0.0,0.0
2017-02-15 00:00:00-05:00,462.2799987792969,466.82000732421875,460.260009765625,465.2300109863281,167100,0.0,0.0
2017-02-16 00:00:00-05:00,466.79998779296875,467.7200012207031,462.25,466.2799987792969,118200,0.0,0.0
2017-02-17 00:00:00-05:00,465.7099914550781,471.54998779296875,464.29998779296875,471.54998779296875,166400,0.0,0.0
2017-02-21 00:00:00-05:00,472.2200012207031,475.489990234375,470.5400085449219,473.7099914550781,182800,0.0,0.0
2017-02-22 00:00:00-05:00,474.20001220703125,477.760009765625,472.0799865722656,473.4700012207031,133000,0.0,0.0
2017-02-23 00:00:00-05:00,475.9800109863281,475.9800109863281,470.010009765625,472.6199951171875,111500,0.0,0.0
2017-02-24 00:00:00-05:00,471.9599914550781,475.4800109863281,470.760009765625,475.4599914550781,107700,0.0,0.0
2017-02-27 00:00:00-05:00,475.8999938964844,477.44000244140625,474.8800048828125,475.3500061035156,109700,0.0,0.0
2017-02-28 00:00:00-05:00,474.1499938964844,478.19000244140625,473.5899963378906,476.2200012207031,182400,0.0,0.0
2017-03-01 00:00:00-05:00,480.0,485.0899963378906,477.82000732421875,483.6499938964844,196200,0.0,0.0
2017-03-02 00:00:00-05:00,484.4200134277344,488.5,480.9100036621094,481.489990234375,178900,0.0,0.0
2017-03-03 00:00:00-05:00,481.1300048828125,482.6300048828125,478.6499938964844,481.7099914550781,122800,0.0,0.0
2017-03-06 00:00:00-05:00,479.29998779296875,481.260009765625,478.7099914550781,479.5899963378906,124700,0.0,0.0
2017-03-07 00:00:00-05:00,478.9700012207031,485.0299987792969,475.9599914550781,481.29998779296875,197400,0.0,0.0
2017-03-08 00:00:00-05:00,480.7799987792969,484.45001220703125,480.7799987792969,481.9100036621094,150900,0.0,0.0
2017-03-09 00:00:00-05:00,481.44000244140625,486.4800109863281,481.010009765625,484.0400085449219,95000,0.0,0.0
2017-03-10 00:00:00-05:00,487.44000244140625,489.9200134277344,483.6700134277344,486.8999938964844,103600,0.0,0.0
2017-03-13 00:00:00-04:00,488.0400085449219,488.8500061035156,483.79998779296875,485.45001220703125,145900,0.0,0.0
2017-03-14 00:00:00-04:00,484.989990234375,487.0199890136719,478.6199951171875,481.3699951171875,136500,0.0,0.0
2017-03-15 00:00:00-04:00,482.17999267578125,487.6099853515625,481.739990234375,485.5,200900,0.0,0.0
2017-03-16 00:00:00-04:00,484.32000732421875,485.29998779296875,479.29998779296875,480.1600036621094,177100,0.0,0.0
2017-03-17 00:00:00-04:00,480.7900085449219,483.1099853515625,478.0799865722656,481.8299865722656,218800,0.0,0.0
2017-03-20 00:00:00-04:00,481.8800048828125,483.20001220703125,479.0899963378906,481.07000732421875,132000,0.0,0.0
2017-03-21 00:00:00-04:00,483.25,485.8900146484375,472.3999938964844,473.3599853515625,247900,0.0,0.0
2017-03-22 00:00:00-04:00,475.1199951171875,481.6199951171875,471.1400146484375,477.3800048828125,207500,0.0,0.0
2017-03-23 00:00:00-04:00,477.1000061035156,480.6300048828125,475.2099914550781,478.2699890136719,176800,0.0,0.0
2017-03-24 00:00:00-04:00,479.29998779296875,481.8299865722656,476.8599853515625,478.5899963378906,131700,0.0,0.0
2017-03-27 00:00:00-04:00,476.8299865722656,479.8999938964844,474.29998779296875,478.94000244140625,110900,0.0,0.0
2017-03-28 00:00:00-04:00,478.260009765625,480.8399963378906,476.2900085449219,479.5400085449219,101200,0.0,0.0
2017-03-29 00:00:00-04:00,477.4800109863281,481.1499938964844,476.8999938964844,478.1400146484375,119900,0.0,0.0
2017-03-30 00:00:00-04:00,476.29998779296875,479.9599914550781,476.29998779296875,478.69000244140625,90500,0.0,0.0
2017-03-31 00:00:00-04:00,477.510009765625,481.44000244140625,477.510009765625,478.9100036621094,155800,0.0,0.0
2017-04-03 00:00:00-04:00,478.32000732421875,481.6499938964844,476.1099853515625,477.8699951171875,159500,0.0,0.0
2017-04-04 00:00:00-04:00,477.8999938964844,480.6499938964844,475.5199890136719,476.57000732421875,117600,0.0,0.0
2017-04-05 00:00:00-04:00,478.2200012207031,482.9599914550781,476.6000061035156,476.8800048828125,207300,0.0,0.0
2017-04-06 00:00:00-04:00,477.3999938964844,481.9200134277344,476.44000244140625,480.5400085449219,107300,0.0,0.0
2017-04-07 00:00:00-04:00,480.69000244140625,484.4700012207031,480.2099914550781,482.8900146484375,140200,0.0,0.0
2017-04-10 00:00:00-04:00,485.69000244140625,488.4599914550781,480.79998779296875,481.1400146484375,194500,0.0,0.0
2017-04-11 00:00:00-04:00,482.07000732421875,483.1000061035156,477.0199890136719,480.0400085449219,88800,0.0,0.0
2017-04-12 00:00:00-04:00,481.69000244140625,481.69000244140625,475.9200134277344,477.0199890136719,181600,0.0,0.0
2017-04-13 00:00:00-04:00,476.4599914550781,479.1400146484375,472.44000244140625,473.8699951171875,113500,0.0,0.0
2017-04-17 00:00:00-04:00,475.010009765625,481.760009765625,473.54998779296875,481.17999267578125,97600,0.0,0.0
2017-04-18 00:00:00-04:00,477.07000732421875,480.3299865722656,474.32000732421875,477.8800048828125,115100,0.0,0.0
2017-04-19 00:00:00-04:00,480.69000244140625,494.1000061035156,478.30999755859375,492.8699951171875,282300,0.0,0.0
2017-04-20 00:00:00-04:00,494.7300109863281,494.7799987792969,489.1199951171875,489.7900085449219,194300,0.0,0.0
2017-04-21 00:00:00-04:00,489.9100036621094,493.8399963378906,487.7099914550781,490.4700012207031,156800,0.0,0.0
2017-04-24 00:00:00-04:00,496.510009765625,499.0799865722656,494.5899963378906,498.7300109863281,108500,0.0,0.0
2017-04-25 00:00:00-04:00,502.5799865722656,511.5199890136719,499.9100036621094,509.44000244140625,191000,0.0,0.0
2017-04-26 00:00:00-04:00,510.010009765625,515.1099853515625,507.9100036621094,512.989990234375,164300,0.0,0.0
2017-04-27 00:00:00-04:00,514.9600219726562,518.3200073242188,512.989990234375,513.2999877929688,106200,0.0,0.0
2017-04-28 00:00:00-04:00,512.52001953125,514.75,511.3900146484375,513.4199829101562,119900,0.0,0.0
2017-05-01 00:00:00-04:00,514.4299926757812,519.4099731445312,513.6500244140625,513.7100219726562,185400,0.0,0.0
2017-05-02 00:00:00-04:00,524.3900146484375,524.3900146484375,512.47998046875,516.6599731445312,186700,0.0,0.0
2017-05-03 00:00:00-04:00,515.510009765625,515.7000122070312,508.239990234375,513.4299926757812,153200,0.0,0.0
2017-05-04 00:00:00-04:00,512.2999877929688,520.1799926757812,512.2999877929688,519.3099975585938,208600,0.0,0.0
2017-05-05 00:00:00-04:00,549.9000244140625,566.489990234375,542.219970703125,544.1400146484375,418800,0.0,0.0
2017-05-08 00:00:00-04:00,543.1900024414062,546.0800170898438,540.780029296875,542.5900268554688,194100,0.0,0.0
2017-05-09 00:00:00-04:00,545.0,548.9600219726562,544.4299926757812,547.4299926757812,169900,0.0,0.0
2017-05-10 00:00:00-04:00,547.0,554.3800048828125,544.75,552.5399780273438,242300,0.0,0.0
2017-05-11 00:00:00-04:00,548.9600219726562,554.1099853515625,545.5399780273438,552.739990234375,95600,0.0,0.0
2017-05-12 00:00:00-04:00,550.8900146484375,556.989990234375,550.8900146484375,556.1099853515625,160100,0.0,0.0
2017-05-15 00:00:00-04:00,556.2999877929688,565.0499877929688,555.5,564.4000244140625,206900,0.0,0.0
2017-05-16 00:00:00-04:00,564.0599975585938,567.1199951171875,562.760009765625,565.8200073242188,101500,0.0,0.0
2017-05-17 00:00:00-04:00,565.8200073242188,565.8200073242188,557.8200073242188,558.3400268554688,163500,0.0,0.0
2017-05-18 00:00:00-04:00,558.3499755859375,563.6300048828125,556.3900146484375,561.5,161100,0.0,0.0
2017-05-19 00:00:00-04:00,563.0999755859375,566.3699951171875,559.0700073242188,564.0900268554688,198800,0.0,0.0
2017-05-22 00:00:00-04:00,563.9500122070312,570.0,563.9400024414062,569.7999877929688,126900,0.0,0.0
2017-05-23 00:00:00-04:00,570.0,573.1799926757812,565.25,570.75,140900,0.0,0.0
2017-05-24 00:00:00-04:00,571.4099731445312,574.5,569.0800170898438,573.8499755859375,104200,0.0,0.0
2017-05-25 00:00:00-04:00,575.0,577.52001953125,573.1400146484375,577.0999755859375,82900,0.0,0.0
2017-05-26 00:00:00-04:00,577.0,582.2000122070312,577.0,578.4000244140625,86300,0.0,0.0
2017-05-30 00:00:00-04:00,578.4000244140625,580.2100219726562,575.6199951171875,579.8499755859375,131200,0.0,0.0
2017-05-31 00:00:00-04:00,582.8300170898438,584.3599853515625,579.6799926757812,582.8099975585938,231400,0.0,0.0
2017-06-01 00:00:00-04:00,583.0700073242188,589.2100219726562,580.3400268554688,588.8599853515625,138900,0.0,0.0
2017-06-02 00:00:00-04:00,593.9199829101562,598.510009765625,589.6599731445312,597.1199951171875,147300,0.0,0.0
2017-06-05 00:00:00-04:00,596.2999877929688,597.97998046875,593.2000122070312,595.4600219726562,112800,0.0,0.0
2017-06-06 00:00:00-04:00,594.4000244140625,597.989990234375,593.0599975585938,593.5,168000,0.0,0.0
2017-06-07 00:00:00-04:00,595.3699951171875,601.6199951171875,595.3699951171875,601.1599731445312,109800,0.0,0.0
2017-06-08 00:00:00-04:00,601.1599731445312,604.989990234375,597.6500244140625,601.1500244140625,113100,0.0,0.0
2017-06-09 00:00:00-04:00,600.6300048828125,604.469970703125,590.010009765625,593.9500122070312,109200,0.0,0.0
2017-06-12 00:00:00-04:00,594.2999877929688,594.2999877929688,572.75,577.6300048828125,300100,0.0,0.0
2017-06-13 00:00:00-04:00,581.030029296875,586.0,579.219970703125,584.4299926757812,253800,0.0,0.0
2017-06-14 00:00:00-04:00,582.4299926757812,586.030029296875,577.9400024414062,581.77001953125,165400,0.0,0.0
2017-06-15 00:00:00-04:00,576.4500122070312,584.7000122070312,576.4500122070312,584.22998046875,215000,0.0,0.0
2017-06-16 00:00:00-04:00,584.9099731445312,589.9000244140625,583.8499755859375,587.3800048828125,217100,0.0,0.0
2017-06-19 00:00:00-04:00,589.5900268554688,597.4099731445312,589.5900268554688,594.780029296875,195500,0.0,0.0
2017-06-20 00:00:00-04:00,594.5399780273438,596.780029296875,592.0999755859375,592.9000244140625,174300,0.0,0.0
2017-06-21 00:00:00-04:00,591.3200073242188,599.52001953125,587.2899780273438,598.5399780273438,193700,0.0,0.0
2017-06-22 00:00:00-04:00,598.739990234375,599.8599853515625,593.0,595.760009765625,191700,0.0,0.0
2017-06-23 00:00:00-04:00,597.8300170898438,601.989990234375,594.2999877929688,599.6400146484375,187000,0.0,0.0
2017-06-26 00:00:00-04:00,600.3499755859375,601.9299926757812,595.9199829101562,596.1400146484375,183900,0.0,0.0
2017-06-27 00:00:00-04:00,595.0700073242188,596.489990234375,590.4000244140625,591.1199951171875,108500,0.0,0.0
2017-06-28 00:00:00-04:00,594.1400146484375,596.530029296875,590.3099975585938,594.6699829101562,123400,0.0,0.0
2017-06-29 00:00:00-04:00,594.8200073242188,594.8200073242188,581.3599853515625,583.8699951171875,179500,0.0,0.0
2017-06-30 00:00:00-04:00,585.3099975585938,590.6500244140625,583.9299926757812,588.5399780273438,142100,0.0,0.0
2017-07-03 00:00:00-04:00,593.010009765625,595.010009765625,588.0399780273438,588.4000244140625,96000,0.0,0.0
2017-07-05 00:00:00-04:00,587.9600219726562,592.5599975585938,586.72998046875,588.0,272100,0.0,0.0
2017-07-06 00:00:00-04:00,586.5700073242188,588.4500122070312,582.510009765625,584.739990234375,176600,0.0,0.0
2017-07-07 00:00:00-04:00,587.0999755859375,591.9099731445312,585.3499755859375,588.1799926757812,411700,0.0,0.0
2017-07-10 00:00:00-04:00,589.1500244140625,594.25,587.5900268554688,593.0,164700,0.0,0.0
2017-07-11 00:00:00-04:00,594.3300170898438,595.6500244140625,589.2999877929688,592.5800170898438,243800,0.0,0.0
2017-07-12 00:00:00-04:00,595.8499755859375,602.8900146484375,594.030029296875,602.3499755859375,169200,0.0,0.0
2017-07-13 00:00:00-04:00,606.219970703125,606.6400146484375,598.8699951171875,603.010009765625,217000,0.0,0.0
2017-07-14 00:00:00-04:00,603.7999877929688,607.510009765625,601.2999877929688,604.760009765625,159600,0.0,0.0
2017-07-17 00:00:00-04:00,604.9099731445312,612.9400024414062,603.469970703125,609.719970703125,232000,0.0,0.0
2017-07-18 00:00:00-04:00,608.7000122070312,612.2100219726562,605.4099731445312,606.47998046875,169300,0.0,0.0
2017-07-19 00:00:00-04:00,607.989990234375,611.3400268554688,605.8699951171875,608.760009765625,122100,0.0,0.0
2017-07-20 00:00:00-04:00,614.3800048828125,614.3800048828125,605.75,610.3200073242188,132500,0.0,0.0
2017-07-21 00:00:00-04:00,608.5700073242188,616.4000244140625,608.5700073242188,613.489990234375,106100,0.0,0.0
2017-07-24 00:00:00-04:00,613.3200073242188,616.5700073242188,611.2999877929688,614.989990234375,76600,0.0,0.0
2017-07-25 00:00:00-04:00,618.1300048828125,618.1300048828125,599.8400268554688,600.9000244140625,206600,0.0,0.0
2017-07-26 00:00:00-04:00,600.4000244140625,603.6500244140625,595.8900146484375,597.8499755859375,177600,0.0,0.0
2017-07-27 00:00:00-04:00,598.47998046875,599.3900146484375,585.02001953125,595.2100219726562,190700,0.0,0.0
2017-07-28 00:00:00-04:00,588.0,590.6799926757812,575.0499877929688,578.0599975585938,304100,0.0,0.0
2017-07-31 00:00:00-04:00,580.52001953125,581.3099975585938,573.0,573.0800170898438,184400,0.0,0.0
2017-08-01 00:00:00-04:00,576.469970703125,578.6500244140625,570.0900268554688,573.52001953125,298300,0.0,0.0
2017-08-02 00:00:00-04:00,577.0800170898438,578.5499877929688,570.1500244140625,577.0,211300,0.0,0.0
2017-08-03 00:00:00-04:00,577.0499877929688,577.969970703125,573.5800170898438,577.6400146484375,120900,0.0,0.0
2017-08-04 00:00:00-04:00,577.3900146484375,578.0,573.5999755859375,576.6099853515625,120900,0.0,0.0
2017-08-07 00:00:00-04:00,576.6599731445312,582.0800170898438,575.25,581.6199951171875,148700,0.0,0.0
2017-08-08 00:00:00-04:00,581.9099731445312,583.969970703125,574.72998046875,575.1900024414062,123000,0.0,0.0
2017-08-09 00:00:00-04:00,575.25,580.260009765625,573.0599975585938,575.5700073242188,129100,0.0,0.0
2017-08-10 00:00:00-04:00,573.9500122070312,576.9299926757812,570.0800170898438,571.25,127600,0.0,0.0
2017-08-11 00:00:00-04:00,571.9199829101562,582.4299926757812,571.9199829101562,577.5800170898438,141200,0.0,0.0
2017-08-14 00:00:00-04:00,579.4099731445312,586.0999755859375,579.4099731445312,582.0800170898438,146800,0.0,0.0
2017-08-15 00:00:00-04:00,584.1799926757812,585.8900146484375,576.1199951171875,580.780029296875,141300,0.0,0.0
2017-08-16 00:00:00-04:00,583.1199951171875,586.0399780273438,579.0,584.9600219726562,86700,0.0,0.0
2017-08-17 00:00:00-04:00,582.3300170898438,585.5,573.469970703125,573.8400268554688,91800,0.0,0.0
2017-08-18 00:00:00-04:00,572.5599975585938,577.5999755859375,570.9000244140625,574.6400146484375,117800,0.0,0.0
2017-08-21 00:00:00-04:00,575.0,580.5599975585938,572.8400268554688,579.9500122070312,124400,0.0,0.0
2017-08-22 00:00:00-04:00,581.7899780273438,593.6199951171875,580.8099975585938,592.6799926757812,147600,0.0,0.0
2017-08-23 00:00:00-04:00,590.5700073242188,594.010009765625,586.3400268554688,590.010009765625,114500,0.0,0.0
2017-08-24 00:00:00-04:00,591.5399780273438,594.0800170898438,587.5499877929688,591.8300170898438,90100,0.0,0.0
2017-08-25 00:00:00-04:00,594.0900268554688,594.0900268554688,587.1900024414062,590.3800048828125,107100,0.0,0.0
2017-08-28 00:00:00-04:00,591.9400024414062,595.1599731445312,589.760009765625,594.0599975585938,67200,0.0,0.0
2017-08-29 00:00:00-04:00,590.9600219726562,594.0,589.1300048828125,591.9600219726562,110700,0.0,0.0
2017-08-30 00:00:00-04:00,590.989990234375,598.489990234375,589.780029296875,598.4000244140625,107100,0.0,0.0
2017-08-31 00:00:00-04:00,599.0,607.280029296875,597.3200073242188,605.0900268554688,162700,0.0,0.0
2017-09-01 00:00:00-04:00,606.739990234375,609.0,600.1900024414062,602.9400024414062,116100,0.0,0.0
2017-09-05 00:00:00-04:00,599.3200073242188,604.760009765625,595.6500244140625,603.25,196900,0.0,0.0
2017-09-06 00:00:00-04:00,605.1300048828125,606.7000122070312,599.7999877929688,605.469970703125,112100,0.0,0.0
2017-09-07 00:00:00-04:00,606.9199829101562,613.5999755859375,602.1599731445312,611.8300170898438,155600,0.0,0.0
2017-09-08 00:00:00-04:00,610.0,615.260009765625,609.989990234375,612.7000122070312,97500,0.0,0.0
2017-09-11 00:00:00-04:00,615.3499755859375,623.9400024414062,613.0499877929688,623.739990234375,114500,0.0,0.0
2017-09-12 00:00:00-04:00,624.969970703125,629.6300048828125,622.0900268554688,629.4199829101562,172400,0.0,0.0
2017-09-13 00:00:00-04:00,627.8099975585938,627.8099975585938,620.739990234375,623.8800048828125,83500,0.0,0.0
2017-09-14 00:00:00-04:00,622.719970703125,625.4000244140625,616.0399780273438,624.7999877929688,116300,0.0,0.0
2017-09-15 00:00:00-04:00,621.7999877929688,628.2000122070312,618.9299926757812,626.0,217400,0.0,0.0
2017-09-18 00:00:00-04:00,628.9000244140625,634.0900268554688,626.0,633.280029296875,101400,0.0,0.0
2017-09-19 00:00:00-04:00,634.7100219726562,636.5399780273438,630.510009765625,632.27001953125,132600,0.0,0.0
2017-09-20 00:00:00-04:00,632.0,635.25,628.6599731445312,635.1699829101562,108700,0.0,0.0
2017-09-21 00:00:00-04:00,631.9299926757812,635.2899780273438,629.6599731445312,631.4099731445312,83400,0.0,0.0
2017-09-22 00:00:00-04:00,629.4000244140625,634.2999877929688,627.9299926757812,632.8599853515625,73800,0.0,0.0
2017-09-25 00:00:00-04:00,631.4500122070312,632.0399780273438,622.780029296875,625.6099853515625,79400,0.0,0.0
2017-09-26 00:00:00-04:00,630.1500244140625,632.3800048828125,621.7000122070312,625.3900146484375,98000,0.0,0.0
2017-09-27 00:00:00-04:00,629.280029296875,631.3800048828125,626.1599731445312,628.780029296875,93900,0.0,0.0
2017-09-28 00:00:00-04:00,628.4400024414062,628.530029296875,621.5,624.47998046875,113500,0.0,0.0
2017-09-29 00:00:00-04:00,623.9099731445312,628.530029296875,623.1699829101562,626.1599731445312,93100,0.0,0.0
2017-10-02 00:00:00-04:00,630.5,640.97998046875,630.3599853515625,635.7999877929688,155000,0.0,0.0
2017-10-03 00:00:00-04:00,637.8900146484375,642.0999755859375,636.7000122070312,639.8900146484375,90200,0.0,0.0
2017-10-04 00:00:00-04:00,638.8099975585938,646.3699951171875,638.2899780273438,643.3200073242188,114600,0.0,0.0
2017-10-05 00:00:00-04:00,644.219970703125,645.5900268554688,640.3800048828125,644.8499755859375,81500,0.0,0.0
2017-10-06 00:00:00-04:00,642.9500122070312,647.969970703125,642.9500122070312,645.760009765625,81300,0.0,0.0
2017-10-09 00:00:00-04:00,649.4500122070312,656.780029296875,638.75,651.9500122070312,74700,0.0,0.0
2017-10-10 00:00:00-04:00,653.1900024414062,655.6199951171875,648.260009765625,652.969970703125,95600,0.0,0.0
2017-10-11 00:00:00-04:00,653.9600219726562,659.780029296875,653.6500244140625,659.7000122070312,76500,0.0,0.0
2017-10-12 00:00:00-04:00,657.8400268554688,661.2100219726562,657.3499755859375,660.0700073242188,115900,0.0,0.0
2017-10-13 00:00:00-04:00,658.969970703125,662.989990234375,653.4500122070312,658.6500244140625,99500,0.0,0.0
2017-10-16 00:00:00-04:00,661.760009765625,668.75,661.3699951171875,666.97998046875,93400,0.0,0.0
2017-10-17 00:00:00-04:00,668.5499877929688,668.5499877929688,659.8300170898438,662.219970703125,97100,0.0,0.0
2017-10-18 00:00:00-04:00,664.489990234375,664.489990234375,655.3300170898438,655.6599731445312,111500,0.0,0.0
2017-10-19 00:00:00-04:00,653.6500244140625,661.9099731445312,646.2100219726562,661.1900024414062,86800,0.0,0.0
2017-10-20 00:00:00-04:00,664.9000244140625,670.4600219726562,663.2100219726562,668.719970703125,84100,0.0,0.0
2017-10-23 00:00:00-04:00,671.4000244140625,672.6400146484375,666.6599731445312,667.3699951171875,66500,0.0,0.0
2017-10-24 00:00:00-04:00,670.5,670.5,663.3300170898438,669.3599853515625,62000,0.0,0.0
2017-10-25 00:00:00-04:00,670.27001953125,672.6900024414062,661.4000244140625,665.4299926757812,116000,0.0,0.0
2017-10-26 00:00:00-04:00,667.47998046875,670.8900146484375,660.2999877929688,667.739990234375,138800,0.0,0.0
2017-10-27 00:00:00-04:00,669.02001953125,679.72998046875,668.2100219726562,679.0,100700,0.0,0.0
2017-10-30 00:00:00-04:00,680.5,680.5,671.02001953125,675.219970703125,107900,0.0,0.0
2017-10-31 00:00:00-04:00,675.27001953125,684.780029296875,674.7899780273438,682.6300048828125,100200,0.0,0.0
2017-11-01 00:00:00-04:00,685.47998046875,694.47998046875,685.47998046875,689.1099853515625,126000,0.0,0.0
2017-11-02 00:00:00-04:00,687.1799926757812,690.5900268554688,670.6599731445312,671.5999755859375,187900,0.0,0.0
2017-11-03 00:00:00-04:00,649.1500244140625,658.6900024414062,635.1799926757812,646.0,391600,0.0,0.0
2017-11-06 00:00:00-05:00,644.6400146484375,644.6400146484375,630.3599853515625,635.1099853515625,213500,0.0,0.0
2017-11-07 00:00:00-05:00,635.489990234375,639.510009765625,621.6799926757812,624.5800170898438,234300,0.0,0.0
2017-11-08 00:00:00-05:00,625.7899780273438,625.7899780273438,614.6500244140625,623.719970703125,267900,0.0,0.0
2017-11-09 00:00:00-05:00,621.4600219726562,627.260009765625,617.989990234375,626.8200073242188,167800,0.0,0.0
2017-11-10 00:00:00-05:00,624.010009765625,626.739990234375,618.97998046875,622.6599731445312,167800,0.0,0.0
2017-11-13 00:00:00-05:00,619.5399780273438,633.1900024414062,617.4199829101562,630.8400268554688,192600,0.0,0.0
2017-11-14 00:00:00-05:00,630.0,632.8200073242188,626.1500244140625,631.3699951171875,114400,0.0,0.0
2017-11-15 00:00:00-05:00,630.4400024414062,630.4400024414062,622.5499877929688,625.1900024414062,162400,0.0,0.0
2017-11-16 00:00:00-05:00,626.47998046875,634.1300048828125,626.47998046875,630.5,137200,0.0,0.0
2017-11-17 00:00:00-05:00,627.9099731445312,631.9000244140625,622.7000122070312,630.9199829101562,97300,0.0,0.0
2017-11-20 00:00:00-05:00,632.1099853515625,632.9500122070312,629.6099853515625,631.9199829101562,100000,0.0,0.0
2017-11-21 00:00:00-05:00,633.4299926757812,634.2999877929688,627.1900024414062,627.6199951171875,94800,0.0,0.0
2017-11-22 00:00:00-05:00,627.6199951171875,629.760009765625,625.3800048828125,626.3499755859375,81700,0.0,0.0
2017-11-24 00:00:00-05:00,626.0,635.02001953125,625.0,635.02001953125,48800,0.0,0.0
2017-11-27 00:00:00-05:00,634.4000244140625,637.489990234375,632.0999755859375,633.760009765625,120800,0.0,0.0
2017-11-28 00:00:00-05:00,634.969970703125,637.75,632.010009765625,634.1400146484375,95400,0.0,0.0
2017-11-29 00:00:00-05:00,633.7000122070312,633.7000122070312,621.2100219726562,625.4400024414062,86100,0.0,0.0
2017-11-30 00:00:00-05:00,625.7100219726562,634.1599731445312,625.6799926757812,629.2100219726562,200800,0.0,0.0
2017-12-01 00:00:00-05:00,630.9099731445312,633.2899780273438,615.2999877929688,624.6400146484375,165900,0.0,0.0
2017-12-04 00:00:00-05:00,626.3300170898438,628.0499877929688,606.760009765625,606.7999877929688,228500,0.0,0.0
2017-12-05 00:00:00-05:00,606.8900146484375,620.2100219726562,605.2999877929688,612.25,155900,0.0,0.0
2017-12-06 00:00:00-05:00,610.1699829101562,617.52001953125,610.1699829101562,615.97998046875,92600,0.0,0.0
2017-12-07 00:00:00-05:00,616.3499755859375,621.8599853515625,614.8900146484375,620.1500244140625,115300,0.0,0.0
2017-12-08 00:00:00-05:00,623.2000122070312,625.0,620.239990234375,623.1900024414062,104400,0.0,0.0
2017-12-11 00:00:00-05:00,622.0499877929688,626.4299926757812,618.8400268554688,624.6699829101562,129100,0.0,0.0
2017-12-12 00:00:00-05:00,622.8099975585938,626.75,619.280029296875,625.010009765625,113100,0.0,0.0
2017-12-13 00:00:00-05:00,625.27001953125,633.3499755859375,625.27001953125,626.3900146484375,119800,0.0,0.0
2017-12-14 00:00:00-05:00,626.75,631.3800048828125,622.2999877929688,629.9299926757812,196800,0.0,0.0
2017-12-15 00:00:00-05:00,631.5599975585938,643.5599975585938,630.1500244140625,639.9400024414062,268200,0.0,0.0
2017-12-18 00:00:00-05:00,642.5,644.9199829101562,640.0,642.989990234375,209100,0.0,0.0
2017-12-19 00:00:00-05:00,643.780029296875,646.75,628.97998046875,635.0700073242188,250500,0.0,0.0
2017-12-20 00:00:00-05:00,636.6699829101562,644.97998046875,626.4099731445312,626.6599731445312,172700,0.0,0.0
2017-12-21 00:00:00-05:00,625.510009765625,629.97998046875,617.5800170898438,618.4299926757812,184000,0.0,0.0
2017-12-22 00:00:00-05:00,618.4299926757812,618.5900268554688,611.5,614.77001953125,179100,0.0,0.0
2017-12-26 00:00:00-05:00,613.010009765625,617.2000122070312,612.1099853515625,613.530029296875,145400,0.0,0.0
2017-12-27 00:00:00-05:00,612.4199829101562,620.3400268554688,609.1099853515625,615.9299926757812,153900,0.0,0.0
2017-12-28 00:00:00-05:00,618.8400268554688,623.1699829101562,614.1500244140625,622.5999755859375,122600,0.0,0.0
2017-12-29 00:00:00-05:00,625.2000122070312,629.4099731445312,619.22998046875,619.52001953125,137800,0.0,0.0
2018-01-02 00:00:00-05:00,622.4400024414062,627.2000122070312,621.530029296875,626.0999755859375,126900,0.0,0.0
2018-01-03 00:00:00-05:00,624.9600219726562,636.4099731445312,624.9600219726562,631.5399780273438,145600,0.0,0.0
2018-01-04 00:00:00-05:00,628.8800048828125,630.25,624.9099731445312,627.030029296875,204400,0.0,0.0
2018-01-05 00:00:00-05:00,629.2999877929688,640.3699951171875,626.72998046875,637.3499755859375,208800,0.0,0.0
2018-01-08 00:00:00-05:00,635.9299926757812,639.0999755859375,632.1199951171875,633.1799926757812,137700,0.0,0.0
2018-01-09 00:00:00-05:00,636.0399780273438,655.0,636.0399780273438,649.989990234375,261100,0.0,0.0
2018-01-10 00:00:00-05:00,648.47998046875,648.47998046875,638.1500244140625,646.1900024414062,146200,0.0,0.0
2018-01-11 00:00:00-05:00,647.3699951171875,648.3800048828125,635.7999877929688,639.260009765625,161800,0.0,0.0
2018-01-12 00:00:00-05:00,638.6099853515625,652.1099853515625,638.1199951171875,650.5999755859375,149600,0.0,0.0
2018-01-16 00:00:00-05:00,653.2999877929688,660.2100219726562,648.8900146484375,649.4199829101562,129200,0.0,0.0
2018-01-17 00:00:00-05:00,653.1199951171875,661.2100219726562,651.760009765625,656.510009765625,148300,0.0,0.0
2018-01-18 00:00:00-05:00,655.7999877929688,660.1599731445312,650.52001953125,653.75,101600,0.0,0.0
2018-01-19 00:00:00-05:00,656.9400024414062,667.530029296875,656.9400024414062,666.6900024414062,188300,0.0,0.0
2018-01-22 00:00:00-05:00,665.8099975585938,671.77001953125,657.9400024414062,670.8800048828125,146100,0.0,0.0
2018-01-23 00:00:00-05:00,671.0700073242188,674.1500244140625,665.760009765625,667.1500244140625,187500,0.0,0.0
2018-01-24 00:00:00-05:00,667.0,676.6500244140625,664.5999755859375,672.6900024414062,152200,0.0,0.0
2018-01-25 00:00:00-05:00,674.9299926757812,680.3099975585938,674.8099975585938,678.0499877929688,225700,0.0,0.0
2018-01-26 00:00:00-05:00,679.0800170898438,693.1799926757812,676.4600219726562,692.2999877929688,180700,0.0,0.0
2018-01-29 00:00:00-05:00,690.3900146484375,697.260009765625,685.3400268554688,685.7899780273438,129700,0.0,0.0
2018-01-30 00:00:00-05:00,680.3400268554688,684.9600219726562,669.8800048828125,677.1400146484375,115200,0.0,0.0
2018-01-31 00:00:00-05:00,679.72998046875,682.5700073242188,671.4400024414062,675.260009765625,125800,0.0,0.0
2018-02-01 00:00:00-05:00,676.0,685.0,671.8900146484375,684.1099853515625,150800,0.0,0.0
2018-02-02 00:00:00-05:00,680.969970703125,680.969970703125,666.1799926757812,667.1599731445312,175200,0.0,0.0
2018-02-05 00:00:00-05:00,666.3400268554688,668.4199829101562,635.1599731445312,635.5,202800,0.0,0.0
2018-02-06 00:00:00-05:00,623.2000122070312,641.6099853515625,618.6799926757812,637.280029296875,209700,0.0,0.0
2018-02-07 00:00:00-05:00,636.7100219726562,649.7100219726562,636.7100219726562,641.9600219726562,166000,0.0,0.0
2018-02-08 00:00:00-05:00,644.0399780273438,646.4400024414062,601.0,601.0,261900,0.0,0.0
2018-02-09 00:00:00-05:00,614.0599975585938,637.989990234375,580.4299926757812,600.3699951171875,412800,0.0,0.0
2018-02-12 00:00:00-05:00,605.5399780273438,619.219970703125,602.1300048828125,613.8699951171875,167800,0.0,0.0
2018-02-13 00:00:00-05:00,611.6199951171875,617.3499755859375,603.0,613.6900024414062,139000,0.0,0.0
2018-02-14 00:00:00-05:00,611.510009765625,625.0,608.1699829101562,624.6699829101562,177600,0.0,0.0
2018-02-15 00:00:00-05:00,625.8099975585938,632.6900024414062,619.3499755859375,631.969970703125,141100,0.0,0.0
2018-02-16 00:00:00-05:00,628.9400024414062,639.9500122070312,628.9400024414062,634.3699951171875,101800,0.0,0.0
2018-02-20 00:00:00-05:00,632.8099975585938,634.8800048828125,620.260009765625,624.219970703125,122500,0.0,0.0
2018-02-21 00:00:00-05:00,624.6599731445312,646.969970703125,624.6599731445312,628.6099853515625,158300,0.0,0.0
2018-02-22 00:00:00-05:00,631.989990234375,639.5700073242188,622.75,624.969970703125,129900,0.0,0.0
2018-02-23 00:00:00-05:00,628.9400024414062,636.7000122070312,625.4400024414062,636.0999755859375,81600,0.0,0.0
2018-02-26 00:00:00-05:00,636.9400024414062,639.6900024414062,629.4000244140625,636.6300048828125,75700,0.0,0.0
2018-02-27 00:00:00-05:00,635.0800170898438,636.760009765625,624.8099975585938,625.5700073242188,125000,0.0,0.0
2018-02-28 00:00:00-05:00,628.4099731445312,632.219970703125,616.2100219726562,616.219970703125,163600,0.0,0.0
2018-03-01 00:00:00-05:00,618.0999755859375,618.0999755859375,590.5800170898438,596.1699829101562,240800,0.0,0.0
2018-03-02 00:00:00-05:00,589.5999755859375,594.6199951171875,585.3300170898438,593.260009765625,273600,0.0,0.0
2018-03-05 00:00:00-05:00,592.1599731445312,602.6900024414062,585.5900268554688,599.9500122070312,239700,0.0,0.0
2018-03-06 00:00:00-05:00,601.4199829101562,606.5399780273438,596.1799926757812,605.2899780273438,192700,0.0,0.0
2018-03-07 00:00:00-05:00,599.2999877929688,612.9199829101562,599.2999877929688,611.5399780273438,175800,0.0,0.0
2018-03-08 00:00:00-05:00,614.219970703125,614.219970703125,601.6199951171875,606.8800048828125,179700,0.0,0.0
2018-03-09 00:00:00-05:00,610.1099853515625,619.6500244140625,606.030029296875,616.0,127900,0.0,0.0
2018-03-12 00:00:00-04:00,615.4000244140625,620.6599731445312,613.6900024414062,615.9099731445312,223500,0.0,0.0
2018-03-13 00:00:00-04:00,618.4199829101562,619.6400146484375,608.1199951171875,612.0,120600,0.0,0.0
2018-03-14 00:00:00-04:00,615.0,615.0,604.0700073242188,606.1300048828125,113800,0.0,0.0
2018-03-15 00:00:00-04:00,608.6199951171875,618.7999877929688,606.1699829101562,613.8300170898438,205200,0.0,0.0
2018-03-16 00:00:00-04:00,614.6099853515625,617.5399780273438,611.280029296875,613.8800048828125,201000,0.0,0.0
2018-03-19 00:00:00-04:00,610.2999877929688,613.5,606.530029296875,611.510009765625,194300,0.0,0.0
2018-03-20 00:00:00-04:00,613.5499877929688,618.5399780273438,610.3699951171875,611.9000244140625,120000,0.0,0.0
2018-03-21 00:00:00-04:00,612.9000244140625,618.989990234375,606.4099731445312,606.4099731445312,133100,0.0,0.0
2018-03-22 00:00:00-04:00,601.27001953125,605.1300048828125,583.3400268554688,585.3900146484375,212600,0.0,0.0
2018-03-23 00:00:00-04:00,586.010009765625,594.239990234375,565.8599853515625,566.8699951171875,232400,0.0,0.0
2018-03-26 00:00:00-04:00,574.4600219726562,590.2899780273438,567.7899780273438,588.75,211500,0.0,0.0
2018-03-27 00:00:00-04:00,588.760009765625,591.47998046875,568.989990234375,573.2100219726562,175400,0.0,0.0
2018-03-28 00:00:00-04:00,574.4400024414062,576.77001953125,564.530029296875,571.9000244140625,240900,0.0,0.0
2018-03-29 00:00:00-04:00,572.4199829101562,587.6099853515625,571.5,575.030029296875,275300,0.0,0.0
2018-04-02 00:00:00-04:00,575.0,578.3599853515625,556.6199951171875,562.6799926757812,266800,0.0,0.0
2018-04-03 00:00:00-04:00,566.4500122070312,574.280029296875,561.6199951171875,568.5800170898438,279300,0.0,0.0
2018-04-04 00:00:00-04:00,559.4600219726562,576.239990234375,546.0399780273438,574.530029296875,286900,0.0,0.0
2018-04-05 00:00:00-04:00,577.97998046875,581.9000244140625,573.8800048828125,577.6699829101562,194800,0.0,0.0
2018-04-06 00:00:00-04:00,573.3599853515625,576.47998046875,552.1300048828125,555.260009765625,255500,0.0,0.0
2018-04-09 00:00:00-04:00,553.5599975585938,569.8599853515625,553.5599975585938,560.219970703125,131600,0.0,0.0
2018-04-10 00:00:00-04:00,563.7100219726562,574.47998046875,561.5900268554688,571.280029296875,169500,0.0,0.0
2018-04-11 00:00:00-04:00,565.219970703125,581.2100219726562,561.8800048828125,565.1699829101562,214700,0.0,0.0
2018-04-12 00:00:00-04:00,568.25,575.4299926757812,567.0599975585938,569.760009765625,170400,0.0,0.0
2018-04-13 00:00:00-04:00,572.2999877929688,572.2999877929688,565.02001953125,568.2100219726562,104600,0.0,0.0
2018-04-16 00:00:00-04:00,570.489990234375,575.8800048828125,569.5499877929688,570.760009765625,122600,0.0,0.0
2018-04-17 00:00:00-04:00,573.8200073242188,582.72998046875,573.469970703125,581.5700073242188,155700,0.0,0.0
2018-04-18 00:00:00-04:00,584.47998046875,589.9600219726562,578.530029296875,585.6300048828125,161100,0.0,0.0
2018-04-19 00:00:00-04:00,584.6099853515625,584.6099853515625,573.4199829101562,577.3699951171875,132200,0.0,0.0
2018-04-20 00:00:00-04:00,578.260009765625,580.7899780273438,572.27001953125,576.760009765625,170600,0.0,0.0
2018-04-23 00:00:00-04:00,577.0999755859375,582.0700073242188,573.239990234375,574.3499755859375,82000,0.0,0.0
2018-04-24 00:00:00-04:00,561.9299926757812,573.010009765625,557.0800170898438,561.8800048828125,174200,0.0,0.0
2018-04-25 00:00:00-04:00,562.010009765625,564.3400268554688,553.9299926757812,560.6699829101562,151300,0.0,0.0
2018-04-26 00:00:00-04:00,562.0,566.9000244140625,560.1699829101562,563.6099853515625,155900,0.0,0.0
2018-04-27 00:00:00-04:00,563.8599853515625,566.47998046875,562.3300170898438,564.010009765625,97600,0.0,0.0
2018-04-30 00:00:00-04:00,566.2000122070312,566.2000122070312,559.9199829101562,559.9299926757812,287000,0.0,0.0
2018-05-01 00:00:00-04:00,555.3699951171875,567.4199829101562,550.25,567.219970703125,285100,0.0,0.0
2018-05-02 00:00:00-04:00,564.030029296875,566.7000122070312,560.1199951171875,560.8300170898438,181200,0.0,0.0
2018-05-03 00:00:00-04:00,556.510009765625,574.97998046875,550.030029296875,574.7999877929688,279400,0.0,0.0
2018-05-04 00:00:00-04:00,580.0,580.0,550.5,552.969970703125,375300,0.0,0.0
2018-05-07 00:00:00-04:00,555.5999755859375,563.9500122070312,550.010009765625,552.9000244140625,171900,0.0,0.0
2018-05-08 00:00:00-04:00,551.7000122070312,554.4099731445312,545.1300048828125,546.4299926757812,235100,0.0,0.0
2018-05-09 00:00:00-04:00,548.6599731445312,552.4000244140625,544.6400146484375,549.6599731445312,152400,0.0,0.0
2018-05-10 00:00:00-04:00,554.47998046875,564.4500122070312,552.9600219726562,563.25,205000,0.0,0.0
2018-05-11 00:00:00-04:00,566.0,567.260009765625,561.6400146484375,563.719970703125,208800,0.0,0.0
2018-05-14 00:00:00-04:00,566.0700073242188,571.02001953125,563.239990234375,568.9199829101562,212400,0.0,0.0
2018-05-15 00:00:00-04:00,563.6199951171875,564.0,547.3800048828125,556.4400024414062,433800,0.0,0.0
2018-05-16 00:00:00-04:00,557.010009765625,561.719970703125,554.7999877929688,560.75,167900,0.0,0.0
2018-05-17 00:00:00-04:00,559.7000122070312,563.5999755859375,559.7000122070312,562.0999755859375,174800,0.0,0.0
2018-05-18 00:00:00-04:00,563.0,575.4099731445312,562.0999755859375,573.1900024414062,253500,0.0,0.0
2018-05-21 00:00:00-04:00,575.989990234375,582.4299926757812,575.989990234375,582.010009765625,273500,0.0,0.0
2018-05-22 00:00:00-04:00,583.030029296875,585.6300048828125,573.239990234375,574.0999755859375,188700,0.0,0.0
2018-05-23 00:00:00-04:00,569.8499755859375,572.2999877929688,567.0,569.7999877929688,211300,0.0,0.0
2018-05-24 00:00:00-04:00,567.6699829101562,569.969970703125,564.9299926757812,565.5800170898438,136800,0.0,0.0
2018-05-25 00:00:00-04:00,565.739990234375,565.739990234375,552.7899780273438,554.8300170898438,209300,0.0,0.0
2018-05-29 00:00:00-04:00,551.5,554.8099975585938,540.239990234375,546.739990234375,193600,0.0,0.0
2018-05-30 00:00:00-04:00,550.8099975585938,555.8800048828125,548.469970703125,551.7100219726562,181700,0.0,0.0
2018-05-31 00:00:00-04:00,549.7899780273438,554.4000244140625,546.7899780273438,550.739990234375,265600,0.0,0.0
2018-06-01 00:00:00-04:00,555.0,569.5,554.8300170898438,569.0,323200,0.0,0.0
2018-06-04 00:00:00-04:00,567.4000244140625,574.7100219726562,564.8200073242188,572.1599731445312,288300,0.0,0.0
2018-06-05 00:00:00-04:00,572.4199829101562,582.6500244140625,569.5800170898438,574.1900024414062,253400,0.0,0.0
2018-06-06 00:00:00-04:00,573.7899780273438,585.280029296875,572.1799926757812,584.8699951171875,235600,0.0,0.0
2018-06-07 00:00:00-04:00,585.0,590.8499755859375,583.8800048828125,590.6199951171875,366700,0.0,0.0
2018-06-08 00:00:00-04:00,590.780029296875,595.3099975585938,588.969970703125,594.8599853515625,290200,0.0,0.0
2018-06-11 00:00:00-04:00,594.7999877929688,595.969970703125,589.6500244140625,592.280029296875,229900,0.0,0.0
2018-06-12 00:00:00-04:00,595.3699951171875,596.280029296875,590.0900268554688,595.1400146484375,196500,0.0,0.0
2018-06-13 00:00:00-04:00,594.7999877929688,596.260009765625,591.6099853515625,593.0,221000,0.0,0.0
2018-06-14 00:00:00-04:00,594.9400024414062,594.9400024414062,590.760009765625,592.7000122070312,191100,0.0,0.0
2018-06-15 00:00:00-04:00,592.780029296875,594.7000122070312,583.25,589.0,292300,0.0,0.0
2018-06-18 00:00:00-04:00,585.8499755859375,586.3800048828125,578.6400146484375,585.3099975585938,172700,0.0,0.0
2018-06-19 00:00:00-04:00,579.4500122070312,581.77001953125,575.5499877929688,581.0599975585938,324700,0.0,0.0
2018-06-20 00:00:00-04:00,583.6300048828125,584.5599975585938,572.6500244140625,579.6500244140625,170300,0.0,0.0
2018-06-21 00:00:00-04:00,580.260009765625,581.3300170898438,574.739990234375,576.3300170898438,258800,0.0,0.0
2018-06-22 00:00:00-04:00,578.989990234375,584.8400268554688,574.260009765625,582.3099975585938,184800,0.0,0.0
2018-06-25 00:00:00-04:00,575.52001953125,580.0,563.8200073242188,570.469970703125,310600,0.0,0.0
2018-06-26 00:00:00-04:00,571.52001953125,575.530029296875,566.1099853515625,573.7999877929688,208200,0.0,0.0
2018-06-27 00:00:00-04:00,573.3099975585938,575.77001953125,564.0599975585938,564.2999877929688,170600,0.0,0.0
2018-06-28 00:00:00-04:00,564.8800048828125,573.8699951171875,560.4299926757812,572.6799926757812,158000,0.0,0.0
2018-06-29 00:00:00-04:00,575.0700073242188,584.6500244140625,573.6400146484375,578.6300048828125,253500,0.0,0.0
2018-07-02 00:00:00-04:00,574.3800048828125,576.4600219726562,566.0499877929688,570.7999877929688,191200,0.0,0.0
2018-07-03 00:00:00-04:00,576.260009765625,590.780029296875,576.260009765625,580.5800170898438,206600,0.0,0.0
2018-07-05 00:00:00-04:00,582.8400268554688,587.9000244140625,577.72998046875,583.969970703125,168000,0.0,0.0
2018-07-06 00:00:00-04:00,583.75,586.4000244140625,580.75,583.77001953125,139500,0.0,0.0
2018-07-09 00:00:00-04:00,585.02001953125,595.8099975585938,584.6400146484375,594.760009765625,141600,0.0,0.0
2018-07-10 00:00:00-04:00,592.4500122070312,596.1300048828125,591.7899780273438,593.3699951171875,152000,0.0,0.0
2018-07-11 00:00:00-04:00,588.6900024414062,589.97998046875,579.8699951171875,581.9299926757812,158600,0.0,0.0
2018-07-12 00:00:00-04:00,588.3900146484375,592.1099853515625,585.4299926757812,587.030029296875,156000,0.0,0.0
2018-07-13 00:00:00-04:00,583.9099731445312,585.719970703125,581.280029296875,583.1300048828125,186400,0.0,0.0
2018-07-16 00:00:00-04:00,581.9400024414062,582.989990234375,574.719970703125,575.3599853515625,162400,0.0,0.0
2018-07-17 00:00:00-04:00,573.7999877929688,585.8599853515625,573.7999877929688,584.7999877929688,153000,0.0,0.0
2018-07-18 00:00:00-04:00,585.4500122070312,586.47998046875,580.3800048828125,585.6099853515625,128900,0.0,0.0
2018-07-19 00:00:00-04:00,587.0,599.6500244140625,583.9199829101562,598.1099853515625,164000,0.0,0.0
2018-07-20 00:00:00-04:00,595.010009765625,603.1900024414062,594.5399780273438,602.5599975585938,161100,0.0,0.0
2018-07-23 00:00:00-04:00,602.1099853515625,602.5999755859375,593.1799926757812,594.6099853515625,188600,0.0,0.0
2018-07-24 00:00:00-04:00,594.75,608.3499755859375,594.6500244140625,602.760009765625,165800,0.0,0.0
2018-07-25 00:00:00-04:00,603.3800048828125,613.6799926757812,600.5800170898438,612.6099853515625,186100,0.0,0.0
2018-07-26 00:00:00-04:00,612.5900268554688,620.3499755859375,609.280029296875,617.9400024414062,193400,0.0,0.0
2018-07-27 00:00:00-04:00,611.9400024414062,611.9400024414062,586.4000244140625,589.9400024414062,316500,0.0,0.0
2018-07-30 00:00:00-04:00,589.2000122070312,591.0599975585938,580.5499877929688,581.8099975585938,216400,0.0,0.0
2018-07-31 00:00:00-04:00,585.4299926757812,595.9600219726562,585.4299926757812,592.510009765625,225400,0.0,0.0
2018-08-01 00:00:00-04:00,589.969970703125,594.0900268554688,585.1500244140625,587.52001953125,145800,0.0,0.0
2018-08-02 00:00:00-04:00,586.0800170898438,590.1699829101562,582.02001953125,588.8200073242188,130000,0.0,0.0
2018-08-03 00:00:00-04:00,590.260009765625,593.0,582.3800048828125,586.6699829101562,111000,0.0,0.0
2018-08-06 00:00:00-04:00,585.0399780273438,591.0800170898438,582.8099975585938,587.02001953125,121500,0.0,0.0
2018-08-07 00:00:00-04:00,589.0,589.510009765625,583.7899780273438,583.97998046875,99800,0.0,0.0
2018-08-08 00:00:00-04:00,583.22998046875,585.5599975585938,576.280029296875,583.0999755859375,154100,0.0,0.0
2018-08-09 00:00:00-04:00,584.5700073242188,585.7100219726562,574.5,575.5999755859375,93800,0.0,0.0
2018-08-10 00:00:00-04:00,572.280029296875,576.2000122070312,570.6300048828125,572.2000122070312,75000,0.0,0.0
2018-08-13 00:00:00-04:00,574.280029296875,578.5999755859375,565.8400268554688,567.1400146484375,91800,0.0,0.0
2018-08-14 00:00:00-04:00,567.3800048828125,570.0,561.510009765625,562.1099853515625,92300,0.0,0.0
2018-08-15 00:00:00-04:00,559.3800048828125,560.75,552.8699951171875,559.4400024414062,146000,0.0,0.0
2018-08-16 00:00:00-04:00,563.1599731445312,570.9400024414062,561.7999877929688,567.760009765625,123800,0.0,0.0
2018-08-17 00:00:00-04:00,568.25,570.1699829101562,562.1199951171875,564.739990234375,92500,0.0,0.0
2018-08-20 00:00:00-04:00,564.0599975585938,568.219970703125,560.6799926757812,564.8499755859375,110900,0.0,0.0
2018-08-21 00:00:00-04:00,566.5399780273438,568.280029296875,563.2100219726562,564.0599975585938,117300,0.0,0.0
2018-08-22 00:00:00-04:00,563.9600219726562,567.47998046875,561.2999877929688,566.239990234375,89600,0.0,0.0
2018-08-23 00:00:00-04:00,567.0399780273438,567.0900268554688,561.72998046875,563.0700073242188,118700,0.0,0.0
2018-08-24 00:00:00-04:00,564.3200073242188,569.52001953125,562.760009765625,568.0,110300,0.0,0.0
2018-08-27 00:00:00-04:00,570.0,573.52001953125,567.7100219726562,573.0499877929688,109000,0.0,0.0
2018-08-28 00:00:00-04:00,575.280029296875,576.2100219726562,571.1400146484375,575.6099853515625,139300,0.0,0.0
2018-08-29 00:00:00-04:00,578.27001953125,581.52001953125,575.6799926757812,581.0,182200,0.0,0.0
2018-08-30 00:00:00-04:00,581.7999877929688,582.6500244140625,577.469970703125,579.8200073242188,168400,0.0,0.0
2018-08-31 00:00:00-04:00,578.489990234375,585.4400024414062,576.1199951171875,584.4600219726562,206800,0.0,0.0
2018-09-04 00:00:00-04:00,580.5900268554688,582.0900268554688,576.280029296875,580.4500122070312,182200,0.0,0.0
2018-09-05 00:00:00-04:00,583.0,587.8699951171875,575.1300048828125,586.760009765625,223500,0.0,0.0
2018-09-06 00:00:00-04:00,583.6099853515625,590.6199951171875,583.0700073242188,588.0,166100,0.0,0.0
2018-09-07 00:00:00-04:00,586.47998046875,591.1199951171875,585.1300048828125,588.9099731445312,172700,0.0,0.0
2018-09-10 00:00:00-04:00,596.3499755859375,600.0,591.989990234375,595.4099731445312,252100,0.0,0.0
2018-09-11 00:00:00-04:00,594.3699951171875,598.3400268554688,588.2999877929688,592.5700073242188,186000,0.0,0.0
2018-09-12 00:00:00-04:00,596.0,605.0,592.8499755859375,603.27001953125,172400,0.0,0.0
2018-09-13 00:00:00-04:00,603.780029296875,610.9600219726562,603.2100219726562,609.280029296875,168200,0.0,0.0
2018-09-14 00:00:00-04:00,610.0,612.9000244140625,606.3699951171875,610.010009765625,168900,0.0,0.0
2018-09-17 00:00:00-04:00,611.77001953125,613.1699829101562,607.8800048828125,610.3099975585938,256200,0.0,0.0
2018-09-18 00:00:00-04:00,611.4299926757812,611.4299926757812,602.7999877929688,606.0399780273438,182900,0.0,0.0
2018-09-19 00:00:00-04:00,610.0,615.6500244140625,604.030029296875,614.8499755859375,207100,0.0,0.0
2018-09-20 00:00:00-04:00,616.780029296875,619.9299926757812,613.1699829101562,616.1900024414062,169800,0.0,0.0
2018-09-21 00:00:00-04:00,619.1300048828125,626.0700073242188,611.3699951171875,611.97998046875,237100,0.0,0.0
2018-09-24 00:00:00-04:00,611.239990234375,611.239990234375,605.6199951171875,610.010009765625,146900,0.0,0.0
2018-09-25 00:00:00-04:00,612.3400268554688,612.3400268554688,605.0999755859375,610.2000122070312,253900,0.0,0.0
2018-09-26 00:00:00-04:00,611.5399780273438,618.510009765625,610.25,611.2899780273438,132500,0.0,0.0
2018-09-27 00:00:00-04:00,613.02001953125,619.280029296875,604.1699829101562,610.0,136800,0.0,0.0
2018-09-28 00:00:00-04:00,610.0,614.9000244140625,606.6099853515625,608.97998046875,141100,0.0,0.0
2018-10-01 00:00:00-04:00,611.5900268554688,618.1900024414062,611.5900268554688,616.010009765625,115300,0.0,0.0
2018-10-02 00:00:00-04:00,613.260009765625,617.1799926757812,611.1599731445312,616.3400268554688,78500,0.0,0.0
2018-10-03 00:00:00-04:00,618.760009765625,618.760009765625,613.47998046875,614.3400268554688,133800,0.0,0.0
2018-10-04 00:00:00-04:00,611.52001953125,613.25,608.7100219726562,611.6699829101562,284900,0.0,0.0
2018-10-05 00:00:00-04:00,611.7899780273438,613.0900268554688,596.2999877929688,603.97998046875,144200,0.0,0.0
2018-10-08 00:00:00-04:00,603.9199829101562,603.9199829101562,590.22998046875,591.239990234375,132500,0.0,0.0
2018-10-09 00:00:00-04:00,589.72998046875,593.5700073242188,583.469970703125,590.9099731445312,151700,0.0,0.0
2018-10-10 00:00:00-04:00,591.489990234375,591.8699951171875,566.969970703125,567.4000244140625,243800,0.0,0.0
2018-10-11 00:00:00-04:00,567.8200073242188,571.0700073242188,554.260009765625,554.4500122070312,212800,0.0,0.0
2018-10-12 00:00:00-04:00,562.0,566.5,550.3900146484375,558.1500244140625,196100,0.0,0.0
2018-10-15 00:00:00-04:00,557.3499755859375,562.760009765625,550.3599853515625,555.97998046875,168900,0.0,0.0
2018-10-16 00:00:00-04:00,561.5399780273438,574.0999755859375,560.260009765625,573.5900268554688,100700,0.0,0.0
2018-10-17 00:00:00-04:00,573.27001953125,580.1599731445312,568.6500244140625,578.6900024414062,155500,0.0,0.0
2018-10-18 00:00:00-04:00,577.989990234375,578.6300048828125,561.530029296875,566.3499755859375,182300,0.0,0.0
2018-10-19 00:00:00-04:00,566.8900146484375,576.5900268554688,555.97998046875,558.3400268554688,196100,0.0,0.0
2018-10-22 00:00:00-04:00,559.0700073242188,562.6300048828125,554.260009765625,558.1099853515625,140100,0.0,0.0
2018-10-23 00:00:00-04:00,544.0800170898438,548.72998046875,532.6599731445312,542.2100219726562,265000,0.0,0.0
2018-10-24 00:00:00-04:00,542.5499877929688,548.1599731445312,523.8699951171875,524.030029296875,161400,0.0,0.0
2018-10-25 00:00:00-04:00,527.0,538.8699951171875,524.7000122070312,536.4000244140625,132300,0.0,0.0
2018-10-26 00:00:00-04:00,530.0,541.0700073242188,521.7899780273438,535.5800170898438,139100,0.0,0.0
2018-10-29 00:00:00-04:00,543.7999877929688,549.6099853515625,527.6099853515625,533.77001953125,181600,0.0,0.0
2018-10-30 00:00:00-04:00,535.5,552.9600219726562,533.3099975585938,541.0700073242188,202100,0.0,0.0
2018-10-31 00:00:00-04:00,546.989990234375,554.8499755859375,545.0999755859375,546.8200073242188,291900,0.0,0.0
2018-11-01 00:00:00-04:00,549.8400268554688,563.0599975585938,547.9099731445312,559.6900024414062,176600,0.0,0.0
2018-11-02 00:00:00-04:00,563.780029296875,572.8300170898438,562.2999877929688,567.7899780273438,206300,0.0,0.0
2018-11-05 00:00:00-05:00,567.3699951171875,579.4400024414062,563.3900146484375,573.97998046875,189600,0.0,0.0
2018-11-06 00:00:00-05:00,575.280029296875,584.9000244140625,573.9400024414062,577.030029296875,167100,0.0,0.0
2018-11-07 00:00:00-05:00,580.5700073242188,597.3099975585938,579.1900024414062,592.719970703125,171800,0.0,0.0
2018-11-08 00:00:00-05:00,589.1599731445312,598.280029296875,585.1199951171875,595.3099975585938,227900,0.0,0.0
2018-11-09 00:00:00-05:00,612.4000244140625,618.3400268554688,590.0,608.030029296875,446400,0.0,0.0
2018-11-12 00:00:00-05:00,604.719970703125,609.010009765625,592.1699829101562,595.4199829101562,213900,0.0,0.0
2018-11-13 00:00:00-05:00,599.530029296875,604.0,586.4299926757812,589.25,199800,0.0,0.0
2018-11-14 00:00:00-05:00,591.3099975585938,601.02001953125,579.3599853515625,581.0,268000,0.0,0.0
2018-11-15 00:00:00-05:00,580.0999755859375,592.8699951171875,572.0,592.4400024414062,183800,0.0,0.0
2018-11-16 00:00:00-05:00,592.4099731445312,600.2999877929688,587.719970703125,599.2999877929688,169200,0.0,0.0
2018-11-19 00:00:00-05:00,600.0,602.1599731445312,574.0999755859375,577.7899780273438,176500,0.0,0.0
2018-11-20 00:00:00-05:00,574.1199951171875,589.780029296875,572.1300048828125,584.3300170898438,137300,0.0,0.0
2018-11-21 00:00:00-05:00,587.969970703125,597.8200073242188,585.8200073242188,591.2100219726562,103100,0.0,0.0
2018-11-23 00:00:00-05:00,586.9400024414062,602.0700073242188,583.4299926757812,596.4199829101562,84400,0.0,0.0
2018-11-26 00:00:00-05:00,602.5700073242188,606.4299926757812,599.0700073242188,604.6900024414062,174200,0.0,0.0
2018-11-27 00:00:00-05:00,601.1599731445312,608.0900268554688,599.2100219726562,605.8400268554688,142400,0.0,0.0
2018-11-28 00:00:00-05:00,607.0,621.97998046875,604.0,621.9099731445312,137100,0.0,0.0
2018-11-29 00:00:00-05:00,620.1300048828125,638.1799926757812,619.97998046875,630.9199829101562,120000,0.0,0.0
2018-11-30 00:00:00-05:00,631.4500122070312,639.22998046875,627.3400268554688,636.6599731445312,175400,0.0,0.0
2018-12-03 00:00:00-05:00,635.0,650.77001953125,634.0,645.3300170898438,242400,0.0,0.0
2018-12-04 00:00:00-05:00,640.8599853515625,648.3699951171875,625.4500122070312,628.6699829101562,310200,0.0,0.0
2018-12-06 00:00:00-05:00,620.25,622.3499755859375,603.5800170898438,610.0999755859375,333100,0.0,0.0
2018-12-07 00:00:00-05:00,611.780029296875,618.3300170898438,585.5999755859375,590.780029296875,222000,0.0,0.0
2018-12-10 00:00:00-05:00,592.6900024414062,594.9000244140625,583.27001953125,591.6599731445312,155000,0.0,0.0
2018-12-11 00:00:00-05:00,600.0599975585938,606.3900146484375,592.1699829101562,597.8900146484375,114100,0.0,0.0
2018-12-12 00:00:00-05:00,604.3099975585938,615.0,603.3200073242188,607.6400146484375,145300,0.0,0.0
2018-12-13 00:00:00-05:00,607.0399780273438,611.1300048828125,595.3499755859375,599.5800170898438,113900,0.0,0.0
2018-12-14 00:00:00-05:00,594.8800048828125,596.4299926757812,585.3200073242188,587.1199951171875,164400,0.0,0.0
2018-12-17 00:00:00-05:00,584.72998046875,586.4400024414062,568.4199829101562,572.3400268554688,143700,0.0,0.0
2018-12-18 00:00:00-05:00,577.25,580.3800048828125,569.6199951171875,574.52001953125,166800,0.0,0.0
2018-12-19 00:00:00-05:00,575.7899780273438,584.9199829101562,553.02001953125,558.0499877929688,174800,0.0,0.0
2018-12-20 00:00:00-05:00,554.7999877929688,561.3400268554688,545.530029296875,553.1400146484375,240200,0.0,0.0
2018-12-21 00:00:00-05:00,553.030029296875,564.0599975585938,543.4400024414062,545.3300170898438,269500,0.0,0.0
2018-12-24 00:00:00-05:00,542.3099975585938,544.47998046875,530.1199951171875,531.280029296875,64600,0.0,0.0
2018-12-26 00:00:00-05:00,534.8499755859375,553.9500122070312,528.7000122070312,553.7100219726562,114800,0.0,0.0
2018-12-27 00:00:00-05:00,544.8499755859375,563.6400146484375,543.3499755859375,563.6400146484375,94500,0.0,0.0
2018-12-28 00:00:00-05:00,567.1400146484375,568.6099853515625,555.4600219726562,557.5399780273438,102900,0.0,0.0
2018-12-31 00:00:00-05:00,561.4199829101562,567.1500244140625,558.3400268554688,565.5800170898438,89800,0.0,0.0
2019-01-02 00:00:00-05:00,557.47998046875,559.8800048828125,543.52001953125,546.0399780273438,212200,0.0,0.0
2019-01-03 00:00:00-05:00,525.9600219726562,535.0,500.739990234375,513.5599975585938,290300,0.0,0.0
2019-01-04 00:00:00-05:00,521.530029296875,535.0999755859375,518.5999755859375,527.1500244140625,186500,0.0,0.0
2019-01-07 00:00:00-05:00,526.75,542.2100219726562,526.469970703125,533.5800170898438,196600,0.0,0.0
2019-01-08 00:00:00-05:00,547.2000122070312,556.530029296875,540.75,556.530029296875,188400,0.0,0.0
2019-01-09 00:00:00-05:00,560.0999755859375,577.6300048828125,559.8400268554688,568.469970703125,204900,0.0,0.0
2019-01-10 00:00:00-05:00,566.739990234375,578.1699829101562,564.8900146484375,576.2899780273438,123200,0.0,0.0
2019-01-11 00:00:00-05:00,576.1900024414062,577.780029296875,571.010009765625,576.9600219726562,85800,0.0,0.0
2019-01-14 00:00:00-05:00,572.75,579.719970703125,571.989990234375,573.219970703125,108600,0.0,0.0
2019-01-15 00:00:00-05:00,573.6099853515625,582.5999755859375,572.7100219726562,582.1099853515625,121700,0.0,0.0
2019-01-16 00:00:00-05:00,583.469970703125,588.989990234375,578.3800048828125,580.1500244140625,111400,0.0,0.0
2019-01-17 00:00:00-05:00,577.27001953125,589.1500244140625,576.2000122070312,587.6900024414062,109200,0.0,0.0
2019-01-18 00:00:00-05:00,592.2899780273438,602.6599731445312,588.4000244140625,602.0999755859375,122900,0.0,0.0
2019-01-22 00:00:00-05:00,597.3099975585938,600.6400146484375,588.219970703125,593.6900024414062,119500,0.0,0.0
2019-01-23 00:00:00-05:00,598.1400146484375,610.8800048828125,596.0700073242188,605.1799926757812,148000,0.0,0.0
2019-01-24 00:00:00-05:00,604.1500244140625,607.9199829101562,601.469970703125,605.6500244140625,95500,0.0,0.0
2019-01-25 00:00:00-05:00,612.0,618.4500122070312,607.1599731445312,614.5499877929688,118400,0.0,0.0
2019-01-28 00:00:00-05:00,608.3300170898438,619.7899780273438,606.1400146484375,618.1599731445312,112600,0.0,0.0
2019-01-29 00:00:00-05:00,619.7999877929688,624.6400146484375,615.5,621.010009765625,98100,0.0,0.0
2019-01-30 00:00:00-05:00,622.8099975585938,633.6799926757812,618.3599853515625,632.9299926757812,118200,0.0,0.0
2019-01-31 00:00:00-05:00,631.989990234375,639.239990234375,629.6799926757812,638.1599731445312,98300,0.0,0.0
2019-02-01 00:00:00-05:00,640.7000122070312,645.3900146484375,635.77001953125,642.8200073242188,131800,0.0,0.0
2019-02-04 00:00:00-05:00,644.8800048828125,646.5399780273438,635.280029296875,642.52001953125,113800,0.0,0.0
2019-02-05 00:00:00-05:00,643.4000244140625,656.75,643.3400268554688,652.8400268554688,102700,0.0,0.0
2019-02-06 00:00:00-05:00,650.0,659.3300170898438,648.1599731445312,655.1500244140625,103800,0.0,0.0
2019-02-07 00:00:00-05:00,650.530029296875,655.7000122070312,642.0599975585938,648.1300048828125,147800,0.0,0.0
2019-02-08 00:00:00-05:00,666.2000122070312,666.4600219726562,648.4500122070312,662.2999877929688,289800,0.0,0.0
2019-02-11 00:00:00-05:00,658.239990234375,669.5499877929688,658.239990234375,662.489990234375,150800,0.0,0.0
2019-02-12 00:00:00-05:00,664.0,673.0700073242188,663.0700073242188,672.489990234375,150800,0.0,0.0
2019-02-13 00:00:00-05:00,670.0,674.0499877929688,667.1900024414062,668.6099853515625,131200,0.0,0.0
2019-02-14 00:00:00-05:00,665.239990234375,671.2100219726562,662.1900024414062,662.9099731445312,150700,0.0,0.0
2019-02-15 00:00:00-05:00,670.280029296875,673.739990234375,665.5800170898438,668.8599853515625,168300,0.0,0.0
2019-02-19 00:00:00-05:00,666.469970703125,673.260009765625,666.469970703125,671.8599853515625,128700,0.0,0.0
2019-02-20 00:00:00-05:00,671.4500122070312,675.489990234375,669.8400268554688,673.0499877929688,129000,0.0,0.0
2019-02-21 00:00:00-05:00,673.0499877929688,675.5999755859375,666.8900146484375,674.2100219726562,132200,0.0,0.0
2019-02-22 00:00:00-05:00,674.0,679.0499877929688,673.9600219726562,678.8300170898438,127900,0.0,0.0
2019-02-25 00:00:00-05:00,680.0,694.0,679.47998046875,689.969970703125,141900,0.0,0.0
2019-02-26 00:00:00-05:00,685.4199829101562,688.469970703125,676.8800048828125,676.97998046875,104200,0.0,0.0
2019-02-27 00:00:00-05:00,674.8200073242188,688.52001953125,672.6500244140625,686.0,109500,0.0,0.0
2019-02-28 00:00:00-05:00,685.1300048828125,687.8400268554688,679.8300170898438,680.9099731445312,202400,0.0,0.0
2019-03-01 00:00:00-05:00,684.3400268554688,701.25,684.3400268554688,698.760009765625,138800,0.0,0.0
2019-03-04 00:00:00-05:00,699.3599853515625,700.8400268554688,685.8300170898438,689.1900024414062,113700,0.0,0.0
2019-03-05 00:00:00-05:00,689.47998046875,694.7999877929688,683.739990234375,693.4099731445312,109100,0.0,0.0
2019-03-06 00:00:00-05:00,693.3300170898438,693.3300170898438,680.7000122070312,681.9400024414062,111200,0.0,0.0
2019-03-07 00:00:00-05:00,681.6300048828125,684.969970703125,677.1900024414062,683.8400268554688,115100,0.0,0.0
2019-03-08 00:00:00-05:00,680.0,681.239990234375,672.27001953125,680.9500122070312,88300,0.0,0.0
2019-03-11 00:00:00-04:00,681.0800170898438,689.5900268554688,681.0800170898438,688.9299926757812,106800,0.0,0.0
2019-03-12 00:00:00-04:00,691.6099853515625,694.3200073242188,686.7999877929688,691.47998046875,95900,0.0,0.0
2019-03-13 00:00:00-04:00,693.2999877929688,696.3800048828125,685.9600219726562,689.9500122070312,126200,0.0,0.0
2019-03-14 00:00:00-04:00,689.6300048828125,699.0,687.8900146484375,698.6799926757812,136600,0.0,0.0
2019-03-15 00:00:00-04:00,700.0599975585938,709.5800170898438,699.4600219726562,708.5800170898438,217600,0.0,0.0
2019-03-18 00:00:00-04:00,708.6799926757812,710.0,701.0999755859375,706.8400268554688,120000,0.0,0.0
2019-03-19 00:00:00-04:00,709.6799926757812,719.5800170898438,709.6799926757812,715.739990234375,115900,0.0,0.0
2019-03-20 00:00:00-04:00,716.1900024414062,720.02001953125,706.6400146484375,712.8800048828125,108200,0.0,0.0
2019-03-21 00:00:00-04:00,711.280029296875,732.4600219726562,711.280029296875,729.719970703125,111900,0.0,0.0
2019-03-22 00:00:00-04:00,721.3599853515625,726.75,701.02001953125,702.0700073242188,180100,0.0,0.0
2019-03-25 00:00:00-04:00,698.9199829101562,714.1699829101562,698.9199829101562,708.5999755859375,121700,0.0,0.0
2019-03-26 00:00:00-04:00,711.510009765625,720.4000244140625,708.6799926757812,716.4000244140625,98700,0.0,0.0
2019-03-27 00:00:00-04:00,719.030029296875,723.8599853515625,702.1099853515625,702.7100219726562,152900,0.0,0.0
2019-03-28 00:00:00-04:00,704.469970703125,708.02001953125,698.1699829101562,703.780029296875,116700,0.0,0.0
2019-03-29 00:00:00-04:00,710.8200073242188,724.27001953125,710.780029296875,723.0,173500,0.0,0.0
2019-04-01 00:00:00-04:00,729.1199951171875,736.0999755859375,723.4000244140625,730.3400268554688,107000,0.0,0.0
2019-04-02 00:00:00-04:00,733.6300048828125,736.8800048828125,730.0,734.4500122070312,176100,0.0,0.0
2019-04-03 00:00:00-04:00,737.6099853515625,740.8099975585938,729.3900146484375,732.72998046875,113600,0.0,0.0
2019-04-04 00:00:00-04:00,732.6099853515625,736.260009765625,721.739990234375,727.2000122070312,121000,0.0,0.0
2019-04-05 00:00:00-04:00,732.8800048828125,739.9600219726562,729.0599975585938,734.8400268554688,90000,0.0,0.0
2019-04-08 00:00:00-04:00,733.3099975585938,740.0399780273438,723.8099975585938,738.3699951171875,72700,0.0,0.0
2019-04-09 00:00:00-04:00,736.1099853515625,739.0700073242188,731.6199951171875,733.989990234375,91000,0.0,0.0
2019-04-10 00:00:00-04:00,737.0,745.3699951171875,737.0,737.969970703125,121100,0.0,0.0
2019-04-11 00:00:00-04:00,740.3800048828125,741.4000244140625,734.530029296875,740.75,102100,0.0,0.0
2019-04-12 00:00:00-04:00,745.3400268554688,750.0,738.3300170898438,742.3499755859375,106900,0.0,0.0
2019-04-15 00:00:00-04:00,745.8699951171875,747.5399780273438,742.530029296875,744.3400268554688,109300,0.0,0.0
2019-04-16 00:00:00-04:00,749.8699951171875,750.0,729.260009765625,732.1699829101562,101900,0.0,0.0
2019-04-17 00:00:00-04:00,737.0,739.3699951171875,707.6799926757812,715.219970703125,198300,0.0,0.0
2019-04-18 00:00:00-04:00,718.0900268554688,732.0499877929688,716.0,728.72998046875,147000,0.0,0.0
2019-04-22 00:00:00-04:00,722.8699951171875,734.75,722.8699951171875,734.1900024414062,122100,0.0,0.0
2019-04-23 00:00:00-04:00,726.969970703125,730.0999755859375,709.719970703125,723.6199951171875,232900,0.0,0.0
2019-04-24 00:00:00-04:00,725.3499755859375,732.1699829101562,715.27001953125,725.530029296875,99900,0.0,0.0
2019-04-25 00:00:00-04:00,723.6500244140625,732.1699829101562,721.1500244140625,731.010009765625,125300,0.0,0.0
2019-04-26 00:00:00-04:00,731.0399780273438,737.22998046875,725.6900024414062,736.9500122070312,52700,0.0,0.0
2019-04-29 00:00:00-04:00,740.4099731445312,745.5599975585938,733.0700073242188,741.52001953125,80500,0.0,0.0
2019-04-30 00:00:00-04:00,741.9299926757812,747.1699829101562,741.4400024414062,745.260009765625,103900,0.0,0.0
2019-05-01 00:00:00-04:00,747.9600219726562,747.9600219726562,736.1699829101562,739.1599731445312,107700,0.0,0.0
2019-05-02 00:00:00-04:00,738.1799926757812,753.4500122070312,737.47998046875,753.2000122070312,134800,0.0,0.0
2019-05-03 00:00:00-04:00,751.0,762.9000244140625,750.7100219726562,762.4299926757812,92300,0.0,0.0
2019-05-06 00:00:00-04:00,749.3800048828125,762.5599975585938,745.9299926757812,760.77001953125,112200,0.0,0.0
2019-05-07 00:00:00-04:00,752.760009765625,754.0,734.6500244140625,742.2999877929688,221000,0.0,0.0
2019-05-08 00:00:00-04:00,740.6199951171875,745.780029296875,732.9299926757812,740.489990234375,220000,0.0,0.0
2019-05-09 00:00:00-04:00,730.5499877929688,742.3300170898438,725.9500122070312,741.6699829101562,236500,0.0,0.0
2019-05-10 00:00:00-04:00,734.260009765625,738.3099975585938,700.0999755859375,727.6699829101562,368800,0.0,0.0
2019-05-13 00:00:00-04:00,715.719970703125,716.1400146484375,681.75,701.77001953125,346200,0.0,0.0
2019-05-14 00:00:00-04:00,705.0599975585938,727.5999755859375,705.0599975585938,722.6699829101562,202900,0.0,0.0
2019-05-15 00:00:00-04:00,711.8300170898438,720.0,705.8200073242188,719.1400146484375,222600,0.0,0.0
2019-05-16 00:00:00-04:00,720.6300048828125,744.97998046875,720.260009765625,744.97998046875,261300,0.0,0.0
2019-05-17 00:00:00-04:00,737.6199951171875,741.9099731445312,726.02001953125,726.4199829101562,184500,0.0,0.0
2019-05-20 00:00:00-04:00,721.780029296875,729.489990234375,714.3499755859375,716.1799926757812,180500,0.0,0.0
2019-05-21 00:00:00-04:00,721.6300048828125,726.0,714.8200073242188,716.5,211200,0.0,0.0
2019-05-22 00:00:00-04:00,716.719970703125,728.489990234375,716.5800170898438,724.0800170898438,132400,0.0,0.0
2019-05-23 00:00:00-04:00,717.7000122070312,721.5,706.8499755859375,719.1300048828125,188600,0.0,0.0
2019-05-24 00:00:00-04:00,726.010009765625,734.0700073242188,724.0800170898438,728.8200073242188,131500,0.0,0.0
2019-05-28 00:00:00-04:00,731.8800048828125,742.2000122070312,717.8300170898438,720.030029296875,232100,0.0,0.0
2019-05-29 00:00:00-04:00,717.0,727.510009765625,715.5399780273438,724.7899780273438,167700,0.0,0.0
2019-05-30 00:00:00-04:00,727.02001953125,733.489990234375,726.2000122070312,727.3599853515625,108400,0.0,0.0
2019-05-31 00:00:00-04:00,720.0499877929688,726.4600219726562,709.9099731445312,723.0900268554688,141100,0.0,0.0
2019-06-03 00:00:00-04:00,725.9400024414062,738.1500244140625,721.0,728.75,136900,0.0,0.0
2019-06-04 00:00:00-04:00,736.0399780273438,742.1599731445312,728.530029296875,741.8900146484375,110400,0.0,0.0
2019-06-05 00:00:00-04:00,748.4099731445312,759.4500122070312,748.4099731445312,756.9299926757812,156900,0.0,0.0
2019-06-06 00:00:00-04:00,759.5,775.5399780273438,759.5,772.8200073242188,173800,0.0,0.0
2019-06-07 00:00:00-04:00,780.4199829101562,793.6300048828125,779.4000244140625,790.8800048828125,173800,0.0,0.0
2019-06-10 00:00:00-04:00,794.780029296875,810.8900146484375,794.5499877929688,806.7899780273438,123400,0.0,0.0
2019-06-11 00:00:00-04:00,814.0900268554688,819.5,799.219970703125,804.8499755859375,163400,0.0,0.0
2019-06-12 00:00:00-04:00,806.6300048828125,810.3499755859375,802.4199829101562,808.4600219726562,124400,0.0,0.0
2019-06-13 00:00:00-04:00,808.739990234375,809.280029296875,793.1500244140625,797.010009765625,130700,0.0,0.0
2019-06-14 00:00:00-04:00,795.1599731445312,800.469970703125,789.5599975585938,791.0599975585938,126300,0.0,0.0
2019-06-17 00:00:00-04:00,794.469970703125,798.3200073242188,787.7899780273438,791.4099731445312,96300,0.0,0.0
2019-06-18 00:00:00-04:00,798.010009765625,805.1699829101562,797.47998046875,804.0,129400,0.0,0.0
2019-06-19 00:00:00-04:00,805.030029296875,817.8900146484375,805.030029296875,817.0399780273438,119100,0.0,0.0
2019-06-20 00:00:00-04:00,824.1500244140625,831.9199829101562,815.239990234375,821.3900146484375,125200,0.0,0.0
2019-06-21 00:00:00-04:00,822.52001953125,831.3699951171875,814.77001953125,830.1099853515625,154300,0.0,0.0
2019-06-24 00:00:00-04:00,828.5900268554688,830.8699951171875,823.8800048828125,825.969970703125,148400,0.0,0.0
2019-06-25 00:00:00-04:00,830.0700073242188,839.6099853515625,821.8599853515625,833.7000122070312,191800,0.0,0.0
2019-06-26 00:00:00-04:00,837.5,837.5,820.0800170898438,825.4000244140625,133600,0.0,0.0
2019-06-27 00:00:00-04:00,828.0,833.9299926757812,820.3300170898438,833.5499877929688,110600,0.0,0.0
2019-06-28 00:00:00-04:00,835.2999877929688,840.0,825.469970703125,840.0,171100,0.0,0.0
2019-07-01 00:00:00-04:00,853.0399780273438,863.719970703125,841.72998046875,844.3300170898438,234300,0.0,0.0
2019-07-02 00:00:00-04:00,843.5499877929688,854.5599975585938,840.0,853.2999877929688,105300,0.0,0.0
2019-07-03 00:00:00-04:00,855.1500244140625,873.510009765625,855.1500244140625,872.4500122070312,79300,0.0,0.0
2019-07-05 00:00:00-04:00,865.9400024414062,867.0599975585938,849.9500122070312,859.9099731445312,129300,0.0,0.0
2019-07-08 00:00:00-04:00,855.0,863.739990234375,852.25,861.75,122500,0.0,0.0
2019-07-09 00:00:00-04:00,855.97998046875,862.9500122070312,855.510009765625,861.5499877929688,116100,0.0,0.0
2019-07-10 00:00:00-04:00,867.6799926757812,867.9400024414062,855.8099975585938,858.47998046875,108400,0.0,0.0
2019-07-11 00:00:00-04:00,859.52001953125,859.52001953125,840.8699951171875,854.0700073242188,151600,0.0,0.0
2019-07-12 00:00:00-04:00,843.6699829101562,844.219970703125,830.27001953125,835.4400024414062,245900,0.0,0.0
2019-07-15 00:00:00-04:00,821.8499755859375,827.0,814.739990234375,825.219970703125,208000,0.0,0.0
2019-07-16 00:00:00-04:00,826.0599975585938,826.3499755859375,817.969970703125,821.8499755859375,204800,0.0,0.0
2019-07-17 00:00:00-04:00,826.3800048828125,828.5900268554688,817.47998046875,818.1300048828125,123900,0.0,0.0
2019-07-18 00:00:00-04:00,818.2999877929688,830.9000244140625,818.2999877929688,828.9600219726562,108600,0.0,0.0
2019-07-19 00:00:00-04:00,833.2899780273438,833.2899780273438,812.989990234375,813.8499755859375,122900,0.0,0.0
2019-07-22 00:00:00-04:00,816.5800170898438,825.239990234375,809.5399780273438,818.7000122070312,124400,0.0,0.0
2019-07-23 00:00:00-04:00,811.0,820.4199829101562,805.0900268554688,818.3099975585938,169700,0.0,0.0
2019-07-24 00:00:00-04:00,784.0,813.3900146484375,772.8099975585938,812.1699829101562,539100,0.0,0.0
2019-07-25 00:00:00-04:00,805.1400146484375,807.6799926757812,787.6300048828125,790.6799926757812,295100,0.0,0.0
2019-07-26 00:00:00-04:00,789.4199829101562,790.0,772.97998046875,775.1099853515625,334800,0.0,0.0
2019-07-29 00:00:00-04:00,779.02001953125,781.3900146484375,770.0,775.0,241100,0.0,0.0
2019-07-30 00:00:00-04:00,765.219970703125,766.989990234375,758.1199951171875,759.969970703125,351100,0.0,0.0
2019-07-31 00:00:00-04:00,759.4099731445312,765.7000122070312,748.4500122070312,756.75,233200,0.0,0.0
2019-08-01 00:00:00-04:00,758.8599853515625,777.6099853515625,751.3400268554688,760.7899780273438,333900,0.0,0.0
2019-08-02 00:00:00-04:00,730.3599853515625,745.989990234375,713.5800170898438,717.8200073242188,480100,0.0,0.0
2019-08-05 00:00:00-04:00,701.47998046875,706.6699829101562,686.6199951171875,692.719970703125,351700,0.0,0.0
2019-08-06 00:00:00-04:00,698.3499755859375,708.6400146484375,698.3499755859375,707.1699829101562,240100,0.0,0.0
2019-08-07 00:00:00-04:00,701.260009765625,710.52001953125,691.4400024414062,704.969970703125,207300,0.0,0.0
2019-08-08 00:00:00-04:00,709.2000122070312,714.9600219726562,705.8099975585938,713.4199829101562,197100,0.0,0.0
2019-08-09 00:00:00-04:00,711.239990234375,714.3099975585938,699.3099975585938,702.280029296875,161100,0.0,0.0
2019-08-12 00:00:00-04:00,700.1500244140625,700.1500244140625,676.9600219726562,681.780029296875,211300,0.0,0.0
2019-08-13 00:00:00-04:00,678.4299926757812,702.780029296875,676.02001953125,689.969970703125,208000,0.0,0.0
2019-08-14 00:00:00-04:00,679.6300048828125,688.8599853515625,659.8800048828125,660.5900268554688,247700,0.0,0.0
2019-08-15 00:00:00-04:00,667.6300048828125,675.4600219726562,658.3599853515625,660.3900146484375,260500,0.0,0.0
2019-08-16 00:00:00-04:00,665.9500122070312,671.510009765625,664.1799926757812,665.1900024414062,213800,0.0,0.0
2019-08-19 00:00:00-04:00,675.1599731445312,683.77001953125,674.75,675.510009765625,226400,0.0,0.0
2019-08-20 00:00:00-04:00,672.27001953125,674.9400024414062,658.1599731445312,659.1400146484375,177900,0.0,0.0
2019-08-21 00:00:00-04:00,664.3099975585938,673.4600219726562,661.1199951171875,669.5800170898438,146000,0.0,0.0
2019-08-22 00:00:00-04:00,672.6199951171875,674.6799926757812,658.760009765625,663.6799926757812,126000,0.0,0.0
2019-08-23 00:00:00-04:00,666.27001953125,668.0599975585938,640.02001953125,642.8400268554688,224200,0.0,0.0
2019-08-26 00:00:00-04:00,648.0,649.1400146484375,638.989990234375,647.4500122070312,189600,0.0,0.0
2019-08-27 00:00:00-04:00,650.9099731445312,652.239990234375,644.0999755859375,647.22998046875,190300,0.0,0.0
2019-08-28 00:00:00-04:00,645.6300048828125,651.510009765625,638.9199829101562,646.3900146484375,200600,0.0,0.0
2019-08-29 00:00:00-04:00,653.9600219726562,661.0499877929688,651.8800048828125,654.1699829101562,246000,0.0,0.0
2019-08-30 00:00:00-04:00,656.1199951171875,659.5599975585938,649.3599853515625,656.7899780273438,212400,0.0,0.0
2019-09-03 00:00:00-04:00,654.97998046875,660.77001953125,646.4299926757812,653.0,192600,0.0,0.0
2019-09-04 00:00:00-04:00,655.7100219726562,666.8200073242188,655.239990234375,660.1699829101562,172400,0.0,0.0
2019-09-05 00:00:00-04:00,669.1400146484375,687.52001953125,665.469970703125,685.780029296875,244000,0.0,0.0
2019-09-06 00:00:00-04:00,687.1099853515625,689.72998046875,680.030029296875,684.97998046875,174900,0.0,0.0
2019-09-09 00:00:00-04:00,688.0800170898438,688.0800170898438,672.5900268554688,679.5599975585938,193100,0.0,0.0
2019-09-10 00:00:00-04:00,677.8900146484375,699.6400146484375,669.9199829101562,699.6400146484375,279300,0.0,0.0
2019-09-11 00:00:00-04:00,700.0,718.1799926757812,700.0,718.1799926757812,226900,0.0,0.0
2019-09-12 00:00:00-04:00,724.469970703125,726.6699829101562,710.010009765625,711.739990234375,204000,0.0,0.0
2019-09-13 00:00:00-04:00,712.3099975585938,713.4000244140625,701.6300048828125,713.0,132200,0.0,0.0
2019-09-16 00:00:00-04:00,708.8400268554688,715.6699829101562,707.530029296875,711.6500244140625,140500,0.0,0.0
2019-09-17 00:00:00-04:00,710.8400268554688,713.2899780273438,703.5700073242188,710.5399780273438,128300,0.0,0.0
2019-09-18 00:00:00-04:00,710.4400024414062,711.9299926757812,698.969970703125,709.0499877929688,165200,0.0,0.0
2019-09-19 00:00:00-04:00,710.72998046875,714.5,706.989990234375,710.0999755859375,116600,0.0,0.0
2019-09-20 00:00:00-04:00,713.3599853515625,716.27001953125,708.72998046875,709.1799926757812,155000,0.0,0.0
2019-09-23 00:00:00-04:00,705.4400024414062,712.6599731445312,698.5,706.2100219726562,149000,0.0,0.0
2019-09-24 00:00:00-04:00,709.9600219726562,714.2000122070312,688.72998046875,690.989990234375,181700,0.0,0.0
2019-09-25 00:00:00-04:00,689.4500122070312,701.0800170898438,686.3300170898438,699.3400268554688,145200,0.0,0.0
2019-09-26 00:00:00-04:00,697.77001953125,705.9299926757812,691.1400146484375,700.3900146484375,148300,0.0,0.0
2019-09-27 00:00:00-04:00,704.3300170898438,706.739990234375,690.0,699.280029296875,110900,0.0,0.0
2019-09-30 00:00:00-04:00,701.6199951171875,709.530029296875,701.1099853515625,704.4000244140625,176200,0.0,0.0
2019-10-01 00:00:00-04:00,705.4400024414062,706.8300170898438,687.239990234375,688.1400146484375,151400,0.0,0.0
2019-10-02 00:00:00-04:00,682.9199829101562,684.5800170898438,662.739990234375,663.2999877929688,223300,0.0,0.0
2019-10-03 00:00:00-04:00,665.2999877929688,677.1099853515625,655.97998046875,670.77001953125,257600,0.0,0.0
2019-10-04 00:00:00-04:00,671.8599853515625,687.0499877929688,671.8599853515625,686.27001953125,175200,0.0,0.0
2019-10-07 00:00:00-04:00,681.6599731445312,689.739990234375,678.9099731445312,681.8499755859375,144400,0.0,0.0
2019-10-08 00:00:00-04:00,660.4000244140625,665.8400268554688,641.7000122070312,658.6099853515625,290100,0.0,0.0
2019-10-09 00:00:00-04:00,666.72998046875,675.9400024414062,658.0,673.280029296875,168400,0.0,0.0
2019-10-10 00:00:00-04:00,671.8800048828125,678.239990234375,665.9500122070312,672.3699951171875,223100,0.0,0.0
2019-10-11 00:00:00-04:00,681.1099853515625,697.47998046875,681.1099853515625,688.0999755859375,183800,0.0,0.0
2019-10-14 00:00:00-04:00,689.6599731445312,690.6199951171875,680.25,680.739990234375,120800,0.0,0.0
2019-10-15 00:00:00-04:00,683.9400024414062,687.3200073242188,677.4299926757812,680.0,210800,0.0,0.0
2019-10-16 00:00:00-04:00,680.77001953125,682.5900268554688,665.239990234375,668.5,346200,0.0,0.0
2019-10-17 00:00:00-04:00,672.8099975585938,676.6900024414062,669.3699951171875,670.8200073242188,282000,0.0,0.0
2019-10-18 00:00:00-04:00,666.47998046875,684.25,665.3800048828125,680.5,160300,0.0,0.0
2019-10-21 00:00:00-04:00,688.1400146484375,690.0,678.3699951171875,685.219970703125,192000,0.0,0.0
2019-10-22 00:00:00-04:00,686.3300170898438,694.2999877929688,683.9099731445312,684.2100219726562,187000,0.0,0.0
2019-10-23 00:00:00-04:00,687.4199829101562,703.469970703125,684.5499877929688,688.8699951171875,187400,0.0,0.0
2019-10-24 00:00:00-04:00,686.9099731445312,690.1199951171875,678.3900146484375,686.739990234375,112300,0.0,0.0
2019-10-25 00:00:00-04:00,686.5499877929688,703.6799926757812,679.1400146484375,698.1900024414062,130500,0.0,0.0
2019-10-28 00:00:00-04:00,701.5599975585938,707.989990234375,699.510009765625,701.3499755859375,108100,0.0,0.0
2019-10-29 00:00:00-04:00,695.219970703125,708.6900024414062,691.3099975585938,703.760009765625,125600,0.0,0.0
2019-10-30 00:00:00-04:00,702.25,708.780029296875,699.1699829101562,708.469970703125,116800,0.0,0.0
2019-10-31 00:00:00-04:00,704.5900268554688,708.469970703125,699.0800170898438,704.9400024414062,134200,0.0,0.0
2019-11-01 00:00:00-04:00,710.0,717.1099853515625,707.739990234375,714.1799926757812,127300,0.0,0.0
2019-11-04 00:00:00-05:00,721.6599731445312,730.1900024414062,719.3099975585938,723.6699829101562,222800,0.0,0.0
2019-11-05 00:00:00-05:00,724.1900024414062,729.8599853515625,704.510009765625,714.4000244140625,214700,0.0,0.0
2019-11-06 00:00:00-05:00,714.02001953125,714.02001953125,705.22998046875,709.780029296875,154900,0.0,0.0
2019-11-07 00:00:00-05:00,717.75,726.4099731445312,711.5399780273438,720.8099975585938,228000,0.0,0.0
2019-11-08 00:00:00-05:00,680.0,727.2100219726562,680.0,708.8599853515625,413500,0.0,0.0
2019-11-11 00:00:00-05:00,702.9400024414062,706.8599853515625,698.530029296875,700.4000244140625,202800,0.0,0.0
2019-11-12 00:00:00-05:00,704.8300170898438,712.989990234375,698.77001953125,711.4500122070312,127400,0.0,0.0
2019-11-13 00:00:00-05:00,708.6400146484375,726.9299926757812,708.6400146484375,722.739990234375,129700,0.0,0.0
2019-11-14 00:00:00-05:00,716.4000244140625,721.75,711.5800170898438,713.6500244140625,129100,0.0,0.0
2019-11-15 00:00:00-05:00,714.3699951171875,726.2000122070312,714.3699951171875,724.8200073242188,138100,0.0,0.0
2019-11-18 00:00:00-05:00,723.0999755859375,726.1199951171875,712.010009765625,718.2100219726562,242800,0.0,0.0
2019-11-19 00:00:00-05:00,722.5,736.989990234375,716.25,732.9600219726562,189200,0.0,0.0
2019-11-20 00:00:00-05:00,731.260009765625,734.0999755859375,714.27001953125,717.7000122070312,208500,0.0,0.0
2019-11-21 00:00:00-05:00,719.9000244140625,719.9000244140625,703.6900024414062,705.0700073242188,268100,0.0,0.0
2019-11-22 00:00:00-05:00,709.4500122070312,713.739990234375,704.8099975585938,711.8499755859375,206200,0.0,0.0
2019-11-25 00:00:00-05:00,717.8599853515625,719.260009765625,714.4299926757812,716.969970703125,200300,0.0,0.0
2019-11-26 00:00:00-05:00,715.9000244140625,725.0499877929688,715.9000244140625,723.9000244140625,536900,0.0,0.0
2019-11-27 00:00:00-05:00,728.3599853515625,729.25,718.3800048828125,725.4000244140625,107700,0.0,0.0
2019-11-29 00:00:00-05:00,723.75,732.0999755859375,718.7899780273438,719.4099731445312,81000,0.0,0.0
2019-12-02 00:00:00-05:00,721.1500244140625,727.989990234375,718.9199829101562,723.9600219726562,170700,0.0,0.0
2019-12-03 00:00:00-05:00,713.9299926757812,721.469970703125,709.0999755859375,712.0399780273438,211100,0.0,0.0
2019-12-04 00:00:00-05:00,713.5599975585938,735.75,713.5599975585938,731.6599731445312,324000,0.0,0.0
2019-12-05 00:00:00-05:00,734.4199829101562,747.5,733.47998046875,736.8499755859375,291400,0.0,0.0
2019-12-06 00:00:00-05:00,745.3200073242188,762.5,745.0999755859375,761.0,239600,0.0,0.0
2019-12-09 00:00:00-05:00,760.8900146484375,763.3099975585938,755.7999877929688,756.97998046875,204500,0.0,0.0
2019-12-10 00:00:00-05:00,756.97998046875,763.97998046875,752.8200073242188,754.219970703125,196100,0.0,0.0
2019-12-11 00:00:00-05:00,750.0,764.239990234375,750.0,762.3499755859375,164300,0.0,0.0
2019-12-12 00:00:00-05:00,762.4199829101562,778.1500244140625,762.4199829101562,775.4199829101562,193800,0.0,0.0
2019-12-13 00:00:00-05:00,774.4500122070312,781.52001953125,761.8400268554688,769.7000122070312,193200,0.0,0.0
2019-12-16 00:00:00-05:00,778.4099731445312,786.010009765625,775.739990234375,781.27001953125,153900,0.0,0.0
2019-12-17 00:00:00-05:00,786.7999877929688,786.7999877929688,775.77001953125,777.1699829101562,166000,0.0,0.0
2019-12-18 00:00:00-05:00,775.3599853515625,779.2100219726562,772.989990234375,775.7100219726562,156100,0.0,0.0
2019-12-19 00:00:00-05:00,778.719970703125,787.3099975585938,776.4099731445312,786.5900268554688,172800,0.0,0.0
2019-12-20 00:00:00-05:00,793.989990234375,795.3599853515625,787.1900024414062,793.3099975585938,197800,0.0,0.0
2019-12-23 00:00:00-05:00,798.1199951171875,798.1199951171875,784.9299926757812,789.4299926757812,133000,0.0,0.0
2019-12-24 00:00:00-05:00,788.0,792.2000122070312,783.8499755859375,790.469970703125,69900,0.0,0.0
2019-12-26 00:00:00-05:00,791.27001953125,792.6400146484375,787.010009765625,791.97998046875,64600,0.0,0.0
2019-12-27 00:00:00-05:00,792.02001953125,795.280029296875,789.4600219726562,792.8300170898438,74000,0.0,0.0
2019-12-30 00:00:00-05:00,795.8099975585938,795.8099975585938,785.260009765625,791.9099731445312,77200,0.0,0.0
2019-12-31 00:00:00-05:00,790.7100219726562,794.3200073242188,783.7899780273438,793.280029296875,81600,0.0,0.0
2020-01-02 00:00:00-05:00,805.1699829101562,809.989990234375,796.469970703125,805.0599975585938,150300,0.0,0.0
2020-01-03 00:00:00-05:00,790.0999755859375,802.0700073242188,788.2000122070312,789.5399780273438,149700,0.0,0.0
2020-01-06 00:00:00-05:00,779.8900146484375,793.8599853515625,779.0999755859375,793.72998046875,187900,0.0,0.0
2020-01-07 00:00:00-05:00,790.5599975585938,801.1199951171875,787.1799926757812,797.1599731445312,105800,0.0,0.0
2020-01-08 00:00:00-05:00,796.3200073242188,805.489990234375,795.0,797.0700073242188,148200,0.0,0.0
2020-01-09 00:00:00-05:00,806.1599731445312,813.0999755859375,800.52001953125,810.8599853515625,168200,0.0,0.0
2020-01-10 00:00:00-05:00,816.5999755859375,822.25,813.219970703125,817.6900024414062,167600,0.0,0.0
2020-01-13 00:00:00-05:00,815.1500244140625,824.6199951171875,813.6599731445312,822.5700073242188,147200,0.0,0.0
2020-01-14 00:00:00-05:00,820.0,835.969970703125,818.1799926757812,830.6300048828125,152200,0.0,0.0
2020-01-15 00:00:00-05:00,827.4299926757812,830.4600219726562,815.510009765625,818.3900146484375,133600,0.0,0.0
2020-01-16 00:00:00-05:00,823.0,830.6699829101562,816.6799926757812,830.6699829101562,103900,0.0,0.0
2020-01-17 00:00:00-05:00,833.969970703125,834.8400268554688,825.3599853515625,831.3099975585938,122900,0.0,0.0
2020-01-21 00:00:00-05:00,831.0,839.5,830.280029296875,835.1300048828125,164200,0.0,0.0
2020-01-22 00:00:00-05:00,838.22998046875,843.8200073242188,833.8900146484375,834.9199829101562,84600,0.0,0.0
2020-01-23 00:00:00-05:00,833.5,834.469970703125,824.3900146484375,831.1199951171875,83000,0.0,0.0
2020-01-24 00:00:00-05:00,836.0700073242188,836.0700073242188,817.8699951171875,819.9500122070312,123000,0.0,0.0
2020-01-27 00:00:00-05:00,800.469970703125,807.739990234375,794.0599975585938,799.8800048828125,144000,0.0,0.0
2020-01-28 00:00:00-05:00,802.1500244140625,803.6500244140625,790.6900024414062,799.9500122070312,162500,0.0,0.0
2020-01-29 00:00:00-05:00,801.2899780273438,812.1099853515625,799.3900146484375,802.6199951171875,111800,0.0,0.0
2020-01-30 00:00:00-05:00,792.4299926757812,794.3599853515625,766.2100219726562,777.0,177400,0.0,0.0
2020-01-31 00:00:00-05:00,773.6699829101562,774.7100219726562,752.760009765625,757.1799926757812,157800,0.0,0.0
2020-02-03 00:00:00-05:00,762.969970703125,766.5,757.6300048828125,758.0599975585938,130800,0.0,0.0
2020-02-04 00:00:00-05:00,756.6099853515625,775.3200073242188,756.6099853515625,768.0,160200,0.0,0.0
2020-02-05 00:00:00-05:00,779.510009765625,790.5,776.7000122070312,779.030029296875,149700,0.0,0.0
2020-02-06 00:00:00-05:00,787.3800048828125,788.1400146484375,770.6699829101562,778.52001953125,180500,0.0,0.0
2020-02-07 00:00:00-05:00,777.4500122070312,808.9400024414062,770.1799926757812,787.1500244140625,423400,0.0,0.0
2020-02-10 00:00:00-05:00,785.239990234375,799.1500244140625,779.219970703125,780.77001953125,216400,0.0,0.0
2020-02-11 00:00:00-05:00,781.6099853515625,787.8699951171875,775.489990234375,780.0,242100,0.0,0.0
2020-02-12 00:00:00-05:00,781.0,784.3800048828125,770.2999877929688,772.7899780273438,107800,0.0,0.0
2020-02-13 00:00:00-05:00,767.6400146484375,775.030029296875,759.1500244140625,769.47998046875,172500,0.0,0.0
2020-02-14 00:00:00-05:00,770.0,772.219970703125,761.010009765625,763.2000122070312,123200,0.0,0.0
2020-02-18 00:00:00-05:00,759.6799926757812,763.260009765625,750.1699829101562,752.239990234375,152200,0.0,0.0
2020-02-19 00:00:00-05:00,754.5800170898438,770.4199829101562,753.7000122070312,766.3900146484375,111100,0.0,0.0
2020-02-20 00:00:00-05:00,763.9199829101562,765.9000244140625,751.4299926757812,755.3900146484375,111800,0.0,0.0
2020-02-21 00:00:00-05:00,751.969970703125,762.030029296875,748.4299926757812,760.219970703125,147700,0.0,0.0
2020-02-24 00:00:00-05:00,735.25,737.0,717.6599731445312,726.5800170898438,181100,0.0,0.0
2020-02-25 00:00:00-05:00,732.3300170898438,732.3300170898438,699.8900146484375,703.0,184300,0.0,0.0
2020-02-26 00:00:00-05:00,707.8099975585938,721.969970703125,698.1199951171875,700.3800048828125,167000,0.0,0.0
2020-02-27 00:00:00-05:00,686.0599975585938,710.4400024414062,685.4299926757812,691.6500244140625,206500,0.0,0.0
2020-02-28 00:00:00-05:00,672.0900268554688,703.1599731445312,666.3599853515625,701.7000122070312,338700,0.0,0.0
2020-03-02 00:00:00-05:00,704.47998046875,725.5900268554688,698.489990234375,724.1400146484375,306800,0.0,0.0
2020-03-03 00:00:00-05:00,725.0399780273438,751.2100219726562,722.9199829101562,731.0499877929688,261900,0.0,0.0
2020-03-04 00:00:00-05:00,750.469970703125,775.3699951171875,738.9500122070312,773.8900146484375,181100,0.0,0.0
2020-03-05 00:00:00-05:00,754.6599731445312,754.6599731445312,724.9600219726562,734.0999755859375,281400,0.0,0.0
2020-03-06 00:00:00-05:00,711.6300048828125,724.1099853515625,698.6099853515625,715.5499877929688,231400,0.0,0.0
2020-03-09 00:00:00-04:00,670.0,687.8400268554688,660.8800048828125,669.780029296875,217500,0.0,0.0
2020-03-10 00:00:00-04:00,688.6799926757812,701.8800048828125,666.969970703125,701.7100219726562,197500,0.0,0.0
2020-03-11 00:00:00-04:00,683.3699951171875,686.5999755859375,650.030029296875,658.6500244140625,182200,0.0,0.0
2020-03-12 00:00:00-04:00,618.9600219726562,653.2999877929688,595.9099731445312,639.77001953125,259700,0.0,0.0
2020-03-13 00:00:00-04:00,667.1300048828125,680.1099853515625,608.0700073242188,672.6400146484375,252500,0.0,0.0
2020-03-16 00:00:00-04:00,610.0,645.5700073242188,600.0,622.6300048828125,294000,0.0,0.0
2020-03-17 00:00:00-04:00,633.9600219726562,697.3099975585938,632.5599975585938,682.489990234375,267200,0.0,0.0
2020-03-18 00:00:00-04:00,645.0900268554688,707.6400146484375,642.77001953125,700.1300048828125,280400,0.0,0.0
2020-03-19 00:00:00-04:00,696.280029296875,755.6599731445312,676.0399780273438,721.4299926757812,246900,0.0,0.0
2020-03-20 00:00:00-04:00,718.6699829101562,726.4400024414062,641.719970703125,645.1199951171875,299100,0.0,0.0
2020-03-23 00:00:00-04:00,645.9000244140625,654.8699951171875,579.4000244140625,589.4099731445312,303900,0.0,0.0
2020-03-24 00:00:00-04:00,615.510009765625,652.9400024414062,592.6400146484375,645.530029296875,223500,0.0,0.0
2020-03-25 00:00:00-04:00,636.1799926757812,679.0800170898438,632.7000122070312,640.2999877929688,191900,0.0,0.0
2020-03-26 00:00:00-04:00,648.1500244140625,668.8800048828125,630.9500122070312,659.27001953125,460700,0.0,0.0
2020-03-27 00:00:00-04:00,650.4000244140625,668.3699951171875,641.6900024414062,658.780029296875,188000,0.0,0.0
2020-03-30 00:00:00-04:00,664.1099853515625,688.27001953125,654.7999877929688,685.4000244140625,293000,0.0,0.0
2020-03-31 00:00:00-04:00,677.8300170898438,709.989990234375,671.8300170898438,690.510009765625,221800,0.0,0.0
2020-04-01 00:00:00-04:00,667.5999755859375,691.9099731445312,641.5900268554688,656.239990234375,148400,0.0,0.0
2020-04-02 00:00:00-04:00,632.2100219726562,673.1099853515625,627.4000244140625,655.5700073242188,192800,0.0,0.0
2020-04-03 00:00:00-04:00,641.7000122070312,651.739990234375,611.8200073242188,630.5800170898438,166700,0.0,0.0
2020-04-06 00:00:00-04:00,657.1699829101562,705.9500122070312,653.9099731445312,702.5999755859375,194100,0.0,0.0
2020-04-07 00:00:00-04:00,717.8499755859375,731.3400268554688,701.0800170898438,709.489990234375,151900,0.0,0.0
2020-04-08 00:00:00-04:00,709.0999755859375,746.6500244140625,695.3200073242188,740.989990234375,180100,0.0,0.0
2020-04-09 00:00:00-04:00,730.2000122070312,738.5599975585938,712.6799926757812,727.4199829101562,186200,0.0,0.0
2020-04-13 00:00:00-04:00,718.52001953125,718.52001953125,677.5,690.780029296875,191200,0.0,0.0
2020-04-14 00:00:00-04:00,696.9000244140625,717.02001953125,693.7000122070312,711.77001953125,198600,0.0,0.0
2020-04-15 00:00:00-04:00,705.1099853515625,707.97998046875,685.7899780273438,692.9600219726562,158300,0.0,0.0
2020-04-16 00:00:00-04:00,699.760009765625,701.0999755859375,684.8499755859375,695.8699951171875,135200,0.0,0.0
2020-04-17 00:00:00-04:00,708.239990234375,720.9099731445312,697.8200073242188,720.9099731445312,161100,0.0,0.0
2020-04-20 00:00:00-04:00,718.52001953125,718.52001953125,703.739990234375,707.6300048828125,133200,0.0,0.0
2020-04-21 00:00:00-04:00,700.0,700.0,681.47998046875,683.4299926757812,158400,0.0,0.0
2020-04-22 00:00:00-04:00,695.5599975585938,705.7999877929688,687.7899780273438,704.2000122070312,151700,0.0,0.0
2020-04-23 00:00:00-04:00,704.0,720.510009765625,698.010009765625,703.2999877929688,181200,0.0,0.0
2020-04-24 00:00:00-04:00,707.010009765625,714.77001953125,697.3699951171875,713.3800048828125,138900,0.0,0.0
2020-04-27 00:00:00-04:00,713.8400268554688,739.5,710.27001953125,735.260009765625,126400,0.0,0.0
2020-04-28 00:00:00-04:00,738.9400024414062,739.1500244140625,696.6799926757812,699.97998046875,174600,0.0,0.0
2020-04-29 00:00:00-04:00,708.1099853515625,747.6599731445312,706.010009765625,738.6199951171875,241800,0.0,0.0
2020-04-30 00:00:00-04:00,728.8300170898438,746.27001953125,716.969970703125,719.9400024414062,213900,0.0,0.0
2020-05-01 00:00:00-04:00,709.6900024414062,709.6900024414062,684.030029296875,689.1599731445312,104400,0.0,0.0
2020-05-04 00:00:00-04:00,690.4500122070312,693.9199829101562,682.02001953125,690.8900146484375,76600,0.0,0.0
2020-05-05 00:00:00-04:00,694.25,716.6900024414062,692.1500244140625,709.72998046875,135600,0.0,0.0
2020-05-06 00:00:00-04:00,711.2999877929688,718.8599853515625,697.6199951171875,715.5800170898438,111600,0.0,0.0
2020-05-07 00:00:00-04:00,721.0,742.5800170898438,718.6900024414062,732.739990234375,174000,0.0,0.0
2020-05-08 00:00:00-04:00,741.969970703125,757.4199829101562,714.469970703125,719.5700073242188,182000,0.0,0.0
2020-05-11 00:00:00-04:00,714.989990234375,720.6400146484375,710.010009765625,716.9299926757812,133400,0.0,0.0
2020-05-12 00:00:00-04:00,710.77001953125,720.6900024414062,687.780029296875,690.0700073242188,155400,0.0,0.0
2020-05-13 00:00:00-04:00,689.6599731445312,702.2899780273438,681.3900146484375,690.8800048828125,142400,0.0,0.0
2020-05-14 00:00:00-04:00,675.739990234375,690.7100219726562,661.3200073242188,689.530029296875,129200,0.0,0.0
2020-05-15 00:00:00-04:00,689.9400024414062,705.8900146484375,678.8499755859375,698.7000122070312,183400,0.0,0.0
2020-05-18 00:00:00-04:00,710.0,722.0700073242188,708.4400024414062,718.7000122070312,149100,0.0,0.0
2020-05-19 00:00:00-04:00,718.6300048828125,723.52001953125,710.969970703125,714.0599975585938,142800,0.0,0.0
2020-05-20 00:00:00-04:00,713.760009765625,739.7899780273438,713.760009765625,735.5599975585938,137300,0.0,0.0
2020-05-21 00:00:00-04:00,732.6599731445312,735.6799926757812,717.3400268554688,723.0,134000,0.0,0.0
2020-05-22 00:00:00-04:00,721.6099853515625,749.4600219726562,721.6099853515625,748.3099975585938,163700,0.0,0.0
2020-05-26 00:00:00-04:00,762.1599731445312,772.4500122070312,756.1500244140625,766.0,253900,0.0,0.0
2020-05-27 00:00:00-04:00,769.6599731445312,789.6699829101562,762.97998046875,788.3099975585938,199100,0.0,0.0
2020-05-28 00:00:00-04:00,791.030029296875,802.5399780273438,784.5700073242188,792.4000244140625,216700,0.0,0.0
2020-05-29 00:00:00-04:00,794.7100219726562,797.489990234375,779.7000122070312,795.0,300900,0.0,0.0
2020-06-01 00:00:00-04:00,797.8200073242188,814.5499877929688,794.969970703125,803.4299926757812,162600,0.0,0.0
2020-06-02 00:00:00-04:00,812.0,827.8800048828125,801.77001953125,823.5999755859375,131500,0.0,0.0
2020-06-03 00:00:00-04:00,829.510009765625,841.4600219726562,825.8800048828125,838.0,130100,0.0,0.0
2020-06-04 00:00:00-04:00,833.4299926757812,841.4199829101562,827.6500244140625,840.6599731445312,158200,0.0,0.0
2020-06-05 00:00:00-04:00,852.5499877929688,863.530029296875,846.02001953125,859.5399780273438,158600,0.0,0.0
2020-06-08 00:00:00-04:00,846.510009765625,857.5700073242188,844.3300170898438,848.6599731445312,120900,0.0,0.0
2020-06-09 00:00:00-04:00,844.489990234375,844.489990234375,808.52001953125,815.47998046875,194500,0.0,0.0
2020-06-10 00:00:00-04:00,815.47998046875,821.4199829101562,801.6199951171875,812.6099853515625,121200,0.0,0.0
2020-06-11 00:00:00-04:00,799.9000244140625,799.9000244140625,755.9299926757812,761.5700073242188,185900,0.0,0.0
2020-06-12 00:00:00-04:00,779.8200073242188,784.8499755859375,750.4299926757812,764.4199829101562,109200,0.0,0.0
2020-06-15 00:00:00-04:00,752.1699829101562,778.5499877929688,747.02001953125,773.7899780273438,111800,0.0,0.0
2020-06-16 00:00:00-04:00,793.4600219726562,793.4600219726562,772.5399780273438,784.0499877929688,118500,0.0,0.0
2020-06-17 00:00:00-04:00,789.6500244140625,789.6500244140625,775.4600219726562,782.3699951171875,99700,0.0,0.0
2020-06-18 00:00:00-04:00,774.8499755859375,787.280029296875,773.75,782.739990234375,77600,0.0,0.0
2020-06-19 00:00:00-04:00,794.0,796.1300048828125,778.5499877929688,795.239990234375,238300,0.0,0.0
2020-06-22 00:00:00-04:00,787.97998046875,799.6099853515625,777.1599731445312,785.1599731445312,160300,0.0,0.0
2020-06-23 00:00:00-04:00,793.4099731445312,808.1699829101562,791.6599731445312,798.0,96800,0.0,0.0
2020-06-24 00:00:00-04:00,791.0,791.0,771.8499755859375,784.0399780273438,132500,0.0,0.0
2020-06-25 00:00:00-04:00,778.6900024414062,786.219970703125,765.010009765625,785.3800048828125,85100,0.0,0.0
2020-06-26 00:00:00-04:00,787.5900268554688,790.1400146484375,763.97998046875,772.2999877929688,169900,0.0,0.0
2020-06-29 00:00:00-04:00,779.0499877929688,790.6500244140625,774.6400146484375,785.239990234375,79400,0.0,0.0
2020-06-30 00:00:00-04:00,779.9000244140625,809.77001953125,779.9000244140625,805.5499877929688,124000,0.0,0.0
2020-07-01 00:00:00-04:00,804.0700073242188,807.219970703125,793.75,804.7899780273438,92600,0.0,0.0
2020-07-02 00:00:00-04:00,812.1799926757812,819.9199829101562,809.239990234375,814.7000122070312,78300,0.0,0.0
2020-07-06 00:00:00-04:00,825.4000244140625,829.8599853515625,817.760009765625,823.4500122070312,78300,0.0,0.0
2020-07-07 00:00:00-04:00,819.489990234375,830.2100219726562,817.0700073242188,819.0599975585938,101800,0.0,0.0
2020-07-08 00:00:00-04:00,821.7100219726562,827.1599731445312,813.1300048828125,818.1900024414062,92000,0.0,0.0
2020-07-09 00:00:00-04:00,819.3400268554688,838.3200073242188,819.3400268554688,830.530029296875,162100,0.0,0.0
2020-07-10 00:00:00-04:00,834.5800170898438,834.5800170898438,811.969970703125,819.2000122070312,59000,0.0,0.0
2020-07-13 00:00:00-04:00,824.9000244140625,836.6599731445312,818.6699829101562,823.989990234375,79000,0.0,0.0
2020-07-14 00:00:00-04:00,823.6799926757812,853.8200073242188,823.6799926757812,849.3400268554688,98100,0.0,0.0
2020-07-15 00:00:00-04:00,859.0,873.1599731445312,857.75,869.0399780273438,144300,0.0,0.0
2020-07-16 00:00:00-04:00,869.9000244140625,874.97998046875,856.0999755859375,860.6799926757812,84900,0.0,0.0
2020-07-17 00:00:00-04:00,867.4099731445312,878.760009765625,865.7899780273438,867.8900146484375,116800,0.0,0.0
2020-07-20 00:00:00-04:00,871.1699829101562,881.469970703125,864.6599731445312,866.469970703125,99400,0.0,0.0
2020-07-21 00:00:00-04:00,869.97998046875,878.1300048828125,868.47998046875,870.510009765625,78300,0.0,0.0
2020-07-22 00:00:00-04:00,871.0599975585938,891.0499877929688,871.0599975585938,883.3499755859375,101600,0.0,0.0
2020-07-23 00:00:00-04:00,879.9299926757812,891.030029296875,879.9299926757812,885.3699951171875,107300,0.0,0.0
2020-07-24 00:00:00-04:00,882.5599975585938,882.5599975585938,853.02001953125,862.719970703125,143900,0.0,0.0
2020-07-27 00:00:00-04:00,869.2899780273438,897.1799926757812,869.2899780273438,895.5,116700,0.0,0.0
2020-07-28 00:00:00-04:00,897.280029296875,911.9000244140625,880.030029296875,882.030029296875,121900,0.0,0.0
2020-07-29 00:00:00-04:00,885.0,906.5599975585938,881.6199951171875,898.0800170898438,108400,0.0,0.0
2020-07-30 00:00:00-04:00,891.0999755859375,901.1599731445312,879.6900024414062,895.1699829101562,161400,0.0,0.0
2020-07-31 00:00:00-04:00,923.1500244140625,953.7000122070312,900.219970703125,935.0,248500,0.0,0.0
2020-08-03 00:00:00-04:00,933.260009765625,938.4400024414062,915.3800048828125,926.4299926757812,139500,0.0,0.0
2020-08-04 00:00:00-04:00,918.9600219726562,935.8300170898438,913.6900024414062,928.5900268554688,120400,0.0,0.0
2020-08-05 00:00:00-04:00,936.5499877929688,955.0,934.5499877929688,945.239990234375,94900,0.0,0.0
2020-08-06 00:00:00-04:00,952.8499755859375,952.8499755859375,924.47998046875,938.25,95900,0.0,0.0
2020-08-07 00:00:00-04:00,930.7000122070312,946.739990234375,930.7000122070312,944.1699829101562,75300,0.0,0.0
2020-08-10 00:00:00-04:00,947.989990234375,953.0499877929688,942.0599975585938,945.9500122070312,70000,0.0,0.0
2020-08-11 00:00:00-04:00,945.1599731445312,954.219970703125,942.8599853515625,947.25,78100,0.0,0.0
2020-08-12 00:00:00-04:00,952.8200073242188,975.02001953125,947.97998046875,973.27001953125,94800,0.0,0.0
2020-08-13 00:00:00-04:00,968.2000122070312,975.0,967.3599853515625,973.1400146484375,106600,0.0,0.0
2020-08-14 00:00:00-04:00,962.6400146484375,972.260009765625,956.5399780273438,961.0399780273438,80500,0.0,0.0
2020-08-17 00:00:00-04:00,964.5800170898438,972.1699829101562,957.72998046875,959.780029296875,98100,0.0,0.0
2020-08-18 00:00:00-04:00,961.0,970.0,953.47998046875,963.2000122070312,97000,0.0,0.0
2020-08-19 00:00:00-04:00,961.1799926757812,980.8800048828125,960.5700073242188,970.7100219726562,86900,0.0,0.0
2020-08-20 00:00:00-04:00,962.489990234375,967.75,956.1900024414062,959.3400268554688,77700,0.0,0.0
2020-08-21 00:00:00-04:00,961.0900268554688,961.0900268554688,946.489990234375,959.97998046875,112600,0.0,0.0
2020-08-24 00:00:00-04:00,964.8800048828125,964.8800048828125,945.52001953125,947.9400024414062,76700,0.0,0.0
2020-08-25 00:00:00-04:00,955.260009765625,969.0800170898438,954.0499877929688,967.8200073242188,82700,0.0,0.0
2020-08-26 00:00:00-04:00,966.0399780273438,980.0,960.4400024414062,972.0999755859375,102200,0.0,0.0
2020-08-27 00:00:00-04:00,969.219970703125,977.260009765625,957.8599853515625,968.6799926757812,89500,0.0,0.0
2020-08-28 00:00:00-04:00,975.6500244140625,975.6500244140625,955.9299926757812,966.6099853515625,87600,0.0,0.0
2020-08-31 00:00:00-04:00,968.0,979.6699829101562,962.739990234375,970.780029296875,114900,0.0,0.0
2020-09-01 00:00:00-04:00,973.4199829101562,981.77001953125,966.47998046875,975.8900146484375,96400,0.0,0.0
2020-09-02 00:00:00-04:00,977.3499755859375,1009.0700073242188,968.760009765625,1005.1500244140625,89200,0.0,0.0
2020-09-03 00:00:00-04:00,1006.6500244140625,1006.6500244140625,956.530029296875,962.989990234375,99000,0.0,0.0
2020-09-04 00:00:00-04:00,968.3900146484375,968.3900146484375,933.6500244140625,949.260009765625,107300,0.0,0.0
2020-09-08 00:00:00-04:00,937.8300170898438,956.030029296875,926.8800048828125,947.6199951171875,152400,0.0,0.0
2020-09-09 00:00:00-04:00,957.1099853515625,991.47998046875,955.3099975585938,975.8200073242188,80800,0.0,0.0
2020-09-10 00:00:00-04:00,976.6099853515625,988.4400024414062,959.77001953125,963.4600219726562,90000,0.0,0.0
2020-09-11 00:00:00-04:00,965.9199829101562,979.22998046875,963.510009765625,973.7100219726562,75800,0.0,0.0
2020-09-14 00:00:00-04:00,981.4400024414062,990.5800170898438,973.5999755859375,978.989990234375,89300,0.0,0.0
2020-09-15 00:00:00-04:00,987.1500244140625,994.9099731445312,976.8400268554688,980.9000244140625,84400,0.0,0.0
2020-09-16 00:00:00-04:00,989.1900024414062,1003.0399780273438,985.5700073242188,988.8300170898438,96700,0.0,0.0
2020-09-17 00:00:00-04:00,983.8400268554688,998.4099731445312,976.3800048828125,983.6199951171875,95200,0.0,0.0
2020-09-18 00:00:00-04:00,985.77001953125,995.2999877929688,970.8200073242188,976.469970703125,141800,0.0,0.0
2020-09-21 00:00:00-04:00,962.7000122070312,975.5900268554688,945.0,974.5,113700,0.0,0.0
2020-09-22 00:00:00-04:00,973.6599731445312,987.260009765625,964.6099853515625,986.0700073242188,118500,0.0,0.0
2020-09-23 00:00:00-04:00,987.5999755859375,987.5999755859375,953.8900146484375,957.1400146484375,105200,0.0,0.0
2020-09-24 00:00:00-04:00,956.1400146484375,970.0700073242188,947.0399780273438,960.260009765625,72000,0.0,0.0
2020-09-25 00:00:00-04:00,957.4000244140625,981.75,953.5700073242188,975.0700073242188,99500,0.0,0.0
2020-09-28 00:00:00-04:00,958.8400268554688,981.9299926757812,958.8400268554688,968.469970703125,85800,0.0,0.0
2020-09-29 00:00:00-04:00,974.0399780273438,981.4000244140625,959.8900146484375,968.5900268554688,92600,0.0,0.0
2020-09-30 00:00:00-04:00,974.219970703125,986.7899780273438,958.2999877929688,965.75,168200,0.0,0.0
2020-10-01 00:00:00-04:00,974.6400146484375,985.77001953125,964.0,970.9199829101562,97600,0.0,0.0
2020-10-02 00:00:00-04:00,959.5999755859375,977.6300048828125,959.5999755859375,966.9199829101562,81900,0.0,0.0
2020-10-05 00:00:00-04:00,979.9500122070312,993.0599975585938,979.9500122070312,990.4299926757812,100400,0.0,0.0
2020-10-06 00:00:00-04:00,992.280029296875,1009.9500122070312,992.280029296875,993.8499755859375,116800,0.0,0.0
2020-10-07 00:00:00-04:00,977.02001953125,1013.22998046875,977.02001953125,1011.27001953125,108100,0.0,0.0
2020-10-08 00:00:00-04:00,1015.4500122070312,1024.9200439453125,1011.8599853515625,1012.0800170898438,92200,0.0,0.0
2020-10-09 00:00:00-04:00,1021.1099853515625,1029.6199951171875,1015.260009765625,1025.4599609375,93000,0.0,0.0
2020-10-12 00:00:00-04:00,1027.5999755859375,1033.9000244140625,1022.7000122070312,1025.75,80300,0.0,0.0
2020-10-13 00:00:00-04:00,1025.0,1033.469970703125,1020.47998046875,1028.6600341796875,75800,0.0,0.0
2020-10-14 00:00:00-04:00,1030.010009765625,1044.8299560546875,1019.9099731445312,1022.3900146484375,94200,0.0,0.0
2020-10-15 00:00:00-04:00,1012.0800170898438,1024.3800048828125,1012.0800170898438,1018.530029296875,67200,0.0,0.0
2020-10-16 00:00:00-04:00,1027.1300048828125,1042.239990234375,1024.0699462890625,1029.77001953125,74700,0.0,0.0
2020-10-19 00:00:00-04:00,1029.300048828125,1036.1800537109375,1014.22998046875,1018.7000122070312,63500,0.0,0.0
2020-10-20 00:00:00-04:00,1023.1199951171875,1049.3900146484375,1023.1199951171875,1030.6099853515625,76300,0.0,0.0
2020-10-21 00:00:00-04:00,1034.1199951171875,1043.010009765625,1030.280029296875,1031.93994140625,58500,0.0,0.0
2020-10-22 00:00:00-04:00,1037.6700439453125,1068.43994140625,1037.6700439453125,1063.22998046875,115200,0.0,0.0
2020-10-23 00:00:00-04:00,1067.989990234375,1078.97998046875,1050.239990234375,1053.199951171875,96700,0.0,0.0
2020-10-26 00:00:00-04:00,1046.239990234375,1054.5,1033.6800537109375,1045.2900390625,68100,0.0,0.0
2020-10-27 00:00:00-04:00,1050.8699951171875,1064.06005859375,1045.2900390625,1052.5799560546875,131100,0.0,0.0
2020-10-28 00:00:00-04:00,1037.6700439453125,1043.8699951171875,1008.3800048828125,1009.260009765625,111500,0.0,0.0
2020-10-29 00:00:00-04:00,1011.010009765625,1017.1199951171875,999.52001953125,1003.7899780273438,113600,0.0,0.0
2020-10-30 00:00:00-04:00,995.8599853515625,1007.1599731445312,985.0499877929688,997.9099731445312,91200,0.0,0.0
2020-11-02 00:00:00-05:00,1018.8800048828125,1048.9100341796875,1017.6699829101562,1043.25,154800,0.0,0.0
2020-11-03 00:00:00-05:00,1055.31005859375,1080.93994140625,1055.31005859375,1065.5,97300,0.0,0.0
2020-11-04 00:00:00-05:00,1082.1700439453125,1098.9200439453125,1075.6600341796875,1080.22998046875,128800,0.0,0.0
2020-11-05 00:00:00-05:00,1102.219970703125,1110.06005859375,1089.3499755859375,1103.739990234375,169200,0.0,0.0
2020-11-06 00:00:00-05:00,1205.75,1228.4100341796875,1156.6099853515625,1181.1099853515625,229800,0.0,0.0
2020-11-09 00:00:00-05:00,1182.47998046875,1215.4300537109375,1174.219970703125,1179.5799560546875,186000,0.0,0.0
2020-11-10 00:00:00-05:00,1182.1099853515625,1182.8800048828125,1122.800048828125,1125.4599609375,225200,0.0,0.0
2020-11-11 00:00:00-05:00,1138.06005859375,1149.97998046875,1128.239990234375,1134.4000244140625,186600,0.0,0.0
2020-11-12 00:00:00-05:00,1137.56005859375,1163.43994140625,1132.699951171875,1157.8699951171875,130600,0.0,0.0
2020-11-13 00:00:00-05:00,1158.75,1184.8900146484375,1150.02001953125,1181.3800048828125,128000,0.0,0.0
2020-11-16 00:00:00-05:00,1186.81005859375,1188.3499755859375,1168.3699951171875,1187.9300537109375,117300,0.0,0.0
2020-11-17 00:00:00-05:00,1178.25,1196.6199951171875,1171.9200439453125,1193.3599853515625,135600,0.0,0.0
2020-11-18 00:00:00-05:00,1190.699951171875,1190.699951171875,1139.760009765625,1144.81005859375,176600,0.0,0.0
2020-11-19 00:00:00-05:00,1142.989990234375,1154.199951171875,1141.739990234375,1147.3399658203125,101000,0.0,0.0
2020-11-20 00:00:00-05:00,1149.280029296875,1160.489990234375,1140.6300048828125,1147.5999755859375,223000,0.0,0.0
2020-11-23 00:00:00-05:00,1148.7900390625,1155.4300537109375,1130.68994140625,1138.6800537109375,97200,0.0,0.0
2020-11-24 00:00:00-05:00,1147.9300537109375,1147.9300537109375,1123.530029296875,1126.9599609375,157000,0.0,0.0
2020-11-25 00:00:00-05:00,1130.6800537109375,1134.1199951171875,1111.699951171875,1125.1600341796875,132200,0.0,0.0
2020-11-27 00:00:00-05:00,1125.949951171875,1132.0699462890625,1120.4200439453125,1126.6800537109375,55900,0.0,0.0
2020-11-30 00:00:00-05:00,1123.489990234375,1151.550048828125,1123.489990234375,1150.0400390625,177400,0.0,0.0
2020-12-01 00:00:00-05:00,1156.800048828125,1176.5899658203125,1151.3299560546875,1160.0899658203125,202900,0.0,0.0
2020-12-02 00:00:00-05:00,1157.7099609375,1161.4200439453125,1132.97998046875,1139.75,93000,0.0,0.0
2020-12-03 00:00:00-05:00,1146.9000244140625,1156.3800048828125,1129.239990234375,1132.0,115000,0.0,0.0
2020-12-04 00:00:00-05:00,1132.52001953125,1140.5999755859375,1122.6800537109375,1131.75,173000,0.0,0.0
2020-12-07 00:00:00-05:00,1130.3299560546875,1139.719970703125,1119.0999755859375,1125.1500244140625,174200,0.0,0.0
2020-12-08 00:00:00-05:00,1122.8299560546875,1165.9300537109375,1118.949951171875,1161.3299560546875,124700,0.0,0.0
2020-12-09 00:00:00-05:00,1157.8199462890625,1163.3199462890625,1142.6700439453125,1150.6800537109375,127200,0.0,0.0
2020-12-10 00:00:00-05:00,1151.280029296875,1156.1600341796875,1140.8599853515625,1151.8199462890625,81400,0.0,0.0
2020-12-11 00:00:00-05:00,1145.6199951171875,1147.3900146484375,1129.780029296875,1144.8699951171875,119300,0.0,0.0
2020-12-14 00:00:00-05:00,1148.699951171875,1168.010009765625,1137.6500244140625,1139.260009765625,142700,0.0,0.0
2020-12-15 00:00:00-05:00,1149.9300537109375,1151.5799560546875,1141.18994140625,1149.1600341796875,129300,0.0,0.0
2020-12-16 00:00:00-05:00,1144.0799560546875,1149.550048828125,1108.7900390625,1111.260009765625,156200,0.0,0.0
2020-12-17 00:00:00-05:00,1119.530029296875,1140.06005859375,1113.9200439453125,1130.3299560546875,153100,0.0,0.0
2020-12-18 00:00:00-05:00,1134.8399658203125,1139.27001953125,1118.8199462890625,1134.8299560546875,320700,0.0,0.0
2020-12-21 00:00:00-05:00,1122.239990234375,1139.219970703125,1100.1400146484375,1135.3299560546875,137200,0.0,0.0
2020-12-22 00:00:00-05:00,1129.949951171875,1138.3900146484375,1120.760009765625,1125.530029296875,111800,0.0,0.0
2020-12-23 00:00:00-05:00,1130.0,1133.8699951171875,1114.449951171875,1126.0999755859375,76500,0.0,0.0
2020-12-24 00:00:00-05:00,1127.22998046875,1148.4000244140625,1127.22998046875,1140.18994140625,43000,0.0,0.0
2020-12-28 00:00:00-05:00,1149.31005859375,1149.31005859375,1124.449951171875,1134.760009765625,49600,0.0,0.0
2020-12-29 00:00:00-05:00,1144.6300048828125,1151.0999755859375,1131.5,1137.9599609375,86100,0.0,0.0
2020-12-30 00:00:00-05:00,1141.1099853515625,1149.9100341796875,1129.8199462890625,1133.8800048828125,68000,0.0,0.0
2020-12-31 00:00:00-05:00,1138.6099853515625,1140.6800537109375,1127.3499755859375,1139.6800537109375,110800,0.0,0.0
2021-01-04 00:00:00-05:00,1155.0,1184.530029296875,1147.52001953125,1160.8699951171875,172300,0.0,0.0
2021-01-05 00:00:00-05:00,1154.77001953125,1190.47998046875,1154.77001953125,1176.3499755859375,122200,0.0,0.0
2021-01-06 00:00:00-05:00,1168.5899658203125,1211.5,1168.5899658203125,1197.0899658203125,181000,0.0,0.0
2021-01-07 00:00:00-05:00,1200.0,1224.9000244140625,1200.0,1222.5400390625,125800,0.0,0.0
2021-01-08 00:00:00-05:00,1221.4300537109375,1245.6199951171875,1218.050048828125,1236.989990234375,80700,0.0,0.0
2021-01-11 00:00:00-05:00,1236.989990234375,1250.75,1231.8599853515625,1245.02001953125,97700,0.0,0.0
2021-01-12 00:00:00-05:00,1239.75,1247.5999755859375,1215.510009765625,1220.47998046875,124000,0.0,0.0
2021-01-13 00:00:00-05:00,1221.5699462890625,1231.1700439453125,1208.300048828125,1216.6300048828125,118100,0.0,0.0
2021-01-14 00:00:00-05:00,1216.3599853515625,1220.47998046875,1201.9300537109375,1204.2099609375,98000,0.0,0.0
2021-01-15 00:00:00-05:00,1205.72998046875,1222.3199462890625,1204.75,1218.43994140625,89000,0.0,0.0
2021-01-19 00:00:00-05:00,1229.989990234375,1238.4200439453125,1214.3900146484375,1231.1600341796875,116900,0.0,0.0
2021-01-20 00:00:00-05:00,1233.050048828125,1271.6700439453125,1233.050048828125,1268.800048828125,131000,0.0,0.0
2021-01-21 00:00:00-05:00,1267.43994140625,1270.9599609375,1242.8699951171875,1244.780029296875,128400,0.0,0.0
2021-01-22 00:00:00-05:00,1244.31005859375,1246.0,1230.52001953125,1234.719970703125,98900,0.0,0.0
2021-01-25 00:00:00-05:00,1232.260009765625,1241.0,1223.6300048828125,1233.469970703125,70900,0.0,0.0
2021-01-26 00:00:00-05:00,1232.3399658203125,1232.3399658203125,1204.72998046875,1210.9100341796875,83500,0.0,0.0
2021-01-27 00:00:00-05:00,1189.8499755859375,1193.47998046875,1147.030029296875,1153.5,130200,0.0,0.0
2021-01-28 00:00:00-05:00,1167.3599853515625,1187.1300048828125,1158.22998046875,1170.800048828125,137900,0.0,0.0
2021-01-29 00:00:00-05:00,1171.8399658203125,1185.93994140625,1155.6700439453125,1168.0999755859375,92300,0.0,0.0
2021-02-01 00:00:00-05:00,1179.4100341796875,1192.31005859375,1174.8699951171875,1180.8199462890625,86500,0.0,0.0
2021-02-02 00:00:00-05:00,1197.0400390625,1226.5999755859375,1197.0400390625,1217.5899658203125,119800,0.0,0.0
2021-02-03 00:00:00-05:00,1213.8699951171875,1219.3599853515625,1182.6400146484375,1188.3800048828125,126400,0.0,0.0
2021-02-04 00:00:00-05:00,1190.0,1224.239990234375,1184.949951171875,1216.93994140625,179400,0.0,0.0
2021-02-05 00:00:00-05:00,1201.5799560546875,1216.0799560546875,1172.800048828125,1195.199951171875,221100,0.0,0.0
2021-02-08 00:00:00-05:00,1197.6199951171875,1213.8900146484375,1189.1199951171875,1209.27001953125,123500,0.0,0.0
2021-02-09 00:00:00-05:00,1206.25,1219.6199951171875,1204.4200439453125,1206.5,71300,0.0,0.0
2021-02-10 00:00:00-05:00,1220.0,1220.0,1203.280029296875,1207.010009765625,86900,0.0,0.0
2021-02-11 00:00:00-05:00,1216.5999755859375,1216.5999755859375,1196.4300537109375,1202.0699462890625,106500,0.0,0.0
2021-02-12 00:00:00-05:00,1199.9100341796875,1223.1199951171875,1199.9100341796875,1220.6600341796875,88700,0.0,0.0
2021-02-16 00:00:00-05:00,1218.0,1221.6199951171875,1186.3599853515625,1190.8299560546875,133700,0.0,0.0
2021-02-17 00:00:00-05:00,1182.6800537109375,1182.6800537109375,1160.760009765625,1166.4599609375,143700,0.0,0.0
2021-02-18 00:00:00-05:00,1166.199951171875,1166.199951171875,1144.47998046875,1150.510009765625,156000,0.0,0.0
2021-02-19 00:00:00-05:00,1155.0799560546875,1178.1099853515625,1155.0799560546875,1165.449951171875,153300,0.0,0.0
2021-02-22 00:00:00-05:00,1154.760009765625,1161.27001953125,1125.469970703125,1127.8900146484375,104900,0.0,0.0
2021-02-23 00:00:00-05:00,1122.760009765625,1122.760009765625,1094.5400390625,1110.4599609375,220900,0.0,0.0
2021-02-24 00:00:00-05:00,1107.9000244140625,1137.800048828125,1107.9000244140625,1127.5999755859375,164900,0.0,0.0
2021-02-25 00:00:00-05:00,1130.510009765625,1130.510009765625,1100.0899658203125,1109.9100341796875,100500,0.0,0.0
2021-02-26 00:00:00-05:00,1118.31005859375,1129.030029296875,1107.27001953125,1116.050048828125,195000,0.0,0.0
2021-03-01 00:00:00-05:00,1126.7900390625,1146.0,1125.6099853515625,1134.6700439453125,99000,0.0,0.0
2021-03-02 00:00:00-05:00,1138.6199951171875,1138.6199951171875,1113.5400390625,1122.5699462890625,116800,0.0,0.0
2021-03-03 00:00:00-05:00,1115.0799560546875,1119.1400146484375,1091.2900390625,1093.030029296875,101600,0.0,0.0
2021-03-04 00:00:00-05:00,1085.56005859375,1090.9000244140625,1048.0699462890625,1059.4200439453125,176900,0.0,0.0
2021-03-05 00:00:00-05:00,1069.510009765625,1069.510009765625,1040.1600341796875,1060.5899658203125,243000,0.0,0.0
2021-03-08 00:00:00-05:00,1060.510009765625,1070.030029296875,1033.4000244140625,1038.469970703125,135500,0.0,0.0
2021-03-09 00:00:00-05:00,1059.739990234375,1080.489990234375,1049.199951171875,1050.0,180600,0.0,0.0
2021-03-10 00:00:00-05:00,1061.97998046875,1073.510009765625,1054.010009765625,1055.0,191800,0.0,0.0
2021-03-11 00:00:00-05:00,1070.989990234375,1083.8199462890625,1063.3499755859375,1080.6199951171875,150000,0.0,0.0
2021-03-12 00:00:00-05:00,1078.219970703125,1078.219970703125,1057.530029296875,1067.3800048828125,113100,0.0,0.0
2021-03-15 00:00:00-04:00,1070.1199951171875,1098.68994140625,1070.1199951171875,1098.22998046875,110200,0.0,0.0
2021-03-16 00:00:00-04:00,1102.739990234375,1106.1099853515625,1075.6099853515625,1083.699951171875,107300,0.0,0.0
2021-03-17 00:00:00-04:00,1078.0899658203125,1098.02001953125,1074.260009765625,1092.0400390625,193700,0.0,0.0
2021-03-18 00:00:00-04:00,1085.1099853515625,1105.1500244140625,1085.1099853515625,1100.2900390625,137900,0.0,0.0
2021-03-19 00:00:00-04:00,1094.97998046875,1131.4599609375,1094.97998046875,1123.1500244140625,289100,0.0,0.0
2021-03-22 00:00:00-04:00,1124.2099609375,1130.97998046875,1116.2099609375,1130.8699951171875,118200,0.0,0.0
2021-03-23 00:00:00-04:00,1125.02001953125,1128.3199462890625,1112.6800537109375,1116.7099609375,90900,0.0,0.0
2021-03-24 00:00:00-04:00,1114.8900146484375,1125.6199951171875,1107.5,1109.8800048828125,103300,0.0,0.0
2021-03-25 00:00:00-04:00,1108.6099853515625,1118.949951171875,1095.739990234375,1117.1800537109375,95300,0.0,0.0
2021-03-26 00:00:00-04:00,1121.1700439453125,1164.989990234375,1117.1199951171875,1163.0799560546875,94100,0.0,0.0
2021-03-29 00:00:00-04:00,1153.25,1175.469970703125,1141.6600341796875,1170.5899658203125,103100,0.0,0.0
2021-03-30 00:00:00-04:00,1165.1199951171875,1170.93994140625,1145.780029296875,1149.27001953125,85100,0.0,0.0
2021-03-31 00:00:00-04:00,1155.010009765625,1170.3399658203125,1145.3800048828125,1155.68994140625,131500,0.0,0.0
2021-04-01 00:00:00-04:00,1166.4599609375,1178.3699951171875,1155.1400146484375,1175.18994140625,74100,0.0,0.0
2021-04-05 00:00:00-04:00,1180.0,1199.9000244140625,1180.0,1195.550048828125,70300,0.0,0.0
2021-04-06 00:00:00-04:00,1196.300048828125,1220.989990234375,1192.93994140625,1210.219970703125,104500,0.0,0.0
2021-04-07 00:00:00-04:00,1205.43994140625,1209.0699462890625,1189.449951171875,1199.8399658203125,63800,0.0,0.0
2021-04-08 00:00:00-04:00,1209.050048828125,1211.47998046875,1200.719970703125,1206.4000244140625,75600,0.0,0.0
2021-04-09 00:00:00-04:00,1211.3399658203125,1222.9300537109375,1201.27001953125,1222.4100341796875,93500,0.0,0.0
2021-04-12 00:00:00-04:00,1222.75,1231.8800048828125,1214.3800048828125,1218.8399658203125,91200,0.0,0.0
2021-04-13 00:00:00-04:00,1221.0,1240.0799560546875,1213.93994140625,1230.8599853515625,70900,0.0,0.0
2021-04-14 00:00:00-04:00,1226.52001953125,1235.27001953125,1220.449951171875,1224.5999755859375,75900,0.0,0.0
2021-04-15 00:00:00-04:00,1232.6600341796875,1265.760009765625,1232.6600341796875,1261.9599609375,87700,0.0,0.0
2021-04-16 00:00:00-04:00,1270.9300537109375,1282.699951171875,1266.489990234375,1282.3299560546875,94000,0.0,0.0
2021-04-19 00:00:00-04:00,1276.2900390625,1288.0899658203125,1272.6800537109375,1277.2900390625,87600,0.0,0.0
2021-04-20 00:00:00-04:00,1277.2900390625,1282.2099609375,1267.0400390625,1276.9100341796875,61400,0.0,0.0
2021-04-21 00:00:00-04:00,1280.0999755859375,1314.280029296875,1279.0,1311.1400146484375,83600,0.0,0.0
2021-04-22 00:00:00-04:00,1315.77001953125,1317.0999755859375,1284.969970703125,1301.56005859375,114300,0.0,0.0
2021-04-23 00:00:00-04:00,1305.9599609375,1339.3800048828125,1301.5400390625,1335.1500244140625,84600,0.0,0.0
2021-04-26 00:00:00-04:00,1335.7900390625,1335.9100341796875,1312.47998046875,1312.9000244140625,84200,0.0,0.0
2021-04-27 00:00:00-04:00,1313.9100341796875,1329.06005859375,1305.7900390625,1322.8599853515625,80200,0.0,0.0
2021-04-28 00:00:00-04:00,1320.8299560546875,1327.4200439453125,1309.5,1323.989990234375,57900,0.0,0.0
2021-04-29 00:00:00-04:00,1333.739990234375,1334.800048828125,1314.9599609375,1327.989990234375,78600,0.0,0.0
2021-04-30 00:00:00-04:00,1325.4300537109375,1325.47998046875,1304.22998046875,1313.3199462890625,99800,0.0,0.0
2021-05-03 00:00:00-04:00,1318.699951171875,1324.469970703125,1304.4300537109375,1315.75,70300,0.0,0.0
2021-05-04 00:00:00-04:00,1304.8800048828125,1314.0,1275.9599609375,1281.9200439453125,117200,0.0,0.0
2021-05-05 00:00:00-04:00,1298.0400390625,1301.239990234375,1279.4200439453125,1293.010009765625,90200,0.0,0.0
2021-05-06 00:00:00-04:00,1292.3800048828125,1305.8299560546875,1274.7099609375,1298.5699462890625,122600,0.0,0.0
2021-05-07 00:00:00-04:00,1292.6700439453125,1329.9599609375,1276.699951171875,1278.56005859375,142100,0.0,0.0
2021-05-10 00:00:00-04:00,1284.93994140625,1284.93994140625,1239.25,1244.550048828125,132300,0.0,0.0
2021-05-11 00:00:00-04:00,1228.8699951171875,1245.0799560546875,1225.56005859375,1239.93994140625,96900,0.0,0.0
2021-05-12 00:00:00-04:00,1231.18994140625,1257.56005859375,1225.9100341796875,1241.449951171875,121000,0.0,0.0
2021-05-13 00:00:00-04:00,1249.3499755859375,1261.77001953125,1238.5400390625,1253.6400146484375,97300,0.0,0.0
2021-05-14 00:00:00-04:00,1255.1099853515625,1277.6500244140625,1250.550048828125,1274.6500244140625,67400,0.0,0.0
2021-05-17 00:00:00-04:00,1274.6500244140625,1274.6500244140625,1258.1099853515625,1259.010009765625,59600,0.0,0.0
2021-05-18 00:00:00-04:00,1261.25,1261.6400146484375,1244.1500244140625,1245.4300537109375,61900,0.0,0.0
2021-05-19 00:00:00-04:00,1234.31005859375,1253.8599853515625,1227.6400146484375,1251.4599609375,112900,0.0,0.0
2021-05-20 00:00:00-04:00,1254.300048828125,1284.52001953125,1246.449951171875,1275.8800048828125,92000,0.0,0.0
2021-05-21 00:00:00-04:00,1278.9000244140625,1291.31005859375,1272.4100341796875,1276.2900390625,208400,0.0,0.0
2021-05-24 00:00:00-04:00,1287.1300048828125,1289.719970703125,1275.719970703125,1280.1099853515625,83000,0.0,0.0
2021-05-25 00:00:00-04:00,1281.300048828125,1291.010009765625,1268.5999755859375,1287.0999755859375,113000,0.0,0.0
2021-05-26 00:00:00-04:00,1295.1500244140625,1296.68994140625,1269.6199951171875,1281.7099609375,96800,0.0,0.0
2021-05-27 00:00:00-04:00,1280.9599609375,1305.18994140625,1280.2900390625,1297.1199951171875,231700,0.0,0.0
2021-05-28 00:00:00-04:00,1307.8299560546875,1310.97998046875,1295.1199951171875,1300.949951171875,64700,0.0,0.0
2021-06-01 00:00:00-04:00,1315.5699462890625,1317.22998046875,1285.7099609375,1296.300048828125,83300,0.0,0.0
2021-06-02 00:00:00-04:00,1294.1099853515625,1298.6099853515625,1273.72998046875,1274.8699951171875,78900,0.0,0.0
2021-06-03 00:00:00-04:00,1268.800048828125,1268.800048828125,1244.4100341796875,1255.280029296875,129900,0.0,0.0
2021-06-04 00:00:00-04:00,1261.4300537109375,1263.699951171875,1248.68994140625,1256.8199462890625,96700,0.0,0.0
2021-06-07 00:00:00-04:00,1259.9000244140625,1262.6500244140625,1243.0899658203125,1248.77001953125,92100,0.0,0.0
2021-06-08 00:00:00-04:00,1256.93994140625,1267.72998046875,1243.6700439453125,1266.0400390625,94000,0.0,0.0
2021-06-09 00:00:00-04:00,1273.0799560546875,1285.8699951171875,1264.0799560546875,1269.0899658203125,77600,0.0,0.0
2021-06-10 00:00:00-04:00,1267.0699462890625,1300.4200439453125,1267.0699462890625,1300.3900146484375,141400,0.0,0.0
2021-06-11 00:00:00-04:00,1297.989990234375,1326.1500244140625,1296.3800048828125,1325.47998046875,111400,0.0,0.0
2021-06-14 00:00:00-04:00,1329.3299560546875,1352.5,1322.1700439453125,1351.8399658203125,122600,0.0,0.0
2021-06-15 00:00:00-04:00,1352.010009765625,1362.260009765625,1348.949951171875,1358.4200439453125,138000,0.0,0.0
2021-06-16 00:00:00-04:00,1358.75,1367.8900146484375,1344.6099853515625,1349.9200439453125,105000,0.0,0.0
2021-06-17 00:00:00-04:00,1345.4000244140625,1372.56005859375,1344.7900390625,1368.050048828125,121900,0.0,0.0
2021-06-18 00:00:00-04:00,1363.1500244140625,1384.6400146484375,1351.3299560546875,1352.8699951171875,464100,0.0,0.0
2021-06-21 00:00:00-04:00,1359.4000244140625,1375.52001953125,1348.469970703125,1364.550048828125,151500,0.0,0.0
2021-06-22 00:00:00-04:00,1361.1500244140625,1385.6700439453125,1359.3699951171875,1376.989990234375,94800,0.0,0.0
2021-06-23 00:00:00-04:00,1372.8299560546875,1377.18994140625,1354.6800537109375,1356.5999755859375,118600,0.0,0.0
2021-06-24 00:00:00-04:00,1360.0,1362.8800048828125,1350.0,1355.4100341796875,114900,0.0,0.0
2021-06-25 00:00:00-04:00,1359.0,1362.18994140625,1346.280029296875,1352.02001953125,175000,0.0,0.0
2021-06-28 00:00:00-04:00,1362.18994140625,1387.3199462890625,1352.0,1381.6700439453125,72100,0.0,0.0
2021-06-29 00:00:00-04:00,1376.219970703125,1403.1700439453125,1375.18994140625,1397.6500244140625,82600,0.0,0.0
2021-06-30 00:00:00-04:00,1390.6500244140625,1392.52001953125,1375.199951171875,1385.3399658203125,150800,0.0,0.0
2021-07-01 00:00:00-04:00,1384.3900146484375,1387.989990234375,1376.1199951171875,1381.1300048828125,105300,0.0,0.0
2021-07-02 00:00:00-04:00,1385.699951171875,1403.760009765625,1380.699951171875,1401.1500244140625,99500,0.0,0.0
2021-07-06 00:00:00-04:00,1402.0,1427.4200439453125,1402.0,1419.6500244140625,124000,0.0,0.0
2021-07-07 00:00:00-04:00,1424.030029296875,1436.81005859375,1410.27001953125,1435.969970703125,103200,0.0,0.0
2021-07-08 00:00:00-04:00,1420.469970703125,1425.6600341796875,1406.9000244140625,1422.4300537109375,77600,0.0,0.0
2021-07-09 00:00:00-04:00,1431.0799560546875,1437.1500244140625,1413.5699462890625,1435.4100341796875,89700,0.0,0.0
2021-07-12 00:00:00-04:00,1438.8599853515625,1447.4200439453125,1428.1600341796875,1436.0400390625,81400,0.0,0.0
2021-07-13 00:00:00-04:00,1435.02001953125,1445.6800537109375,1428.3900146484375,1442.18994140625,55300,0.0,0.0
2021-07-14 00:00:00-04:00,1443.22998046875,1454.780029296875,1433.239990234375,1435.56005859375,62600,0.0,0.0
2021-07-15 00:00:00-04:00,1427.260009765625,1445.56005859375,1426.550048828125,1436.030029296875,65300,0.0,0.0
2021-07-16 00:00:00-04:00,1444.760009765625,1459.18994140625,1437.7099609375,1448.989990234375,79100,0.0,0.0
2021-07-19 00:00:00-04:00,1436.239990234375,1450.22998046875,1431.2099609375,1438.6600341796875,98500,0.0,0.0
2021-07-20 00:00:00-04:00,1445.010009765625,1463.0799560546875,1430.31005859375,1443.4100341796875,127400,0.0,0.0
2021-07-21 00:00:00-04:00,1451.300048828125,1451.300048828125,1406.0,1432.7900390625,83700,0.0,0.0
2021-07-22 00:00:00-04:00,1437.489990234375,1460.0,1437.489990234375,1459.5899658203125,55700,0.0,0.0
2021-07-23 00:00:00-04:00,1462.989990234375,1482.2099609375,1462.989990234375,1477.1400146484375,51100,0.0,0.0
2021-07-26 00:00:00-04:00,1469.5699462890625,1477.449951171875,1456.550048828125,1471.56005859375,65700,0.0,0.0
2021-07-27 00:00:00-04:00,1472.8900146484375,1487.18994140625,1458.8399658203125,1479.8800048828125,62400,0.0,0.0
2021-07-28 00:00:00-04:00,1487.3399658203125,1501.27001953125,1483.93994140625,1487.6400146484375,78400,0.0,0.0
2021-07-29 00:00:00-04:00,1488.1300048828125,1519.989990234375,1487.5999755859375,1511.699951171875,110400,0.0,0.0
2021-07-30 00:00:00-04:00,1496.760009765625,1503.719970703125,1451.0799560546875,1473.7099609375,140000,0.0,0.0
2021-08-02 00:00:00-04:00,1485.27001953125,1490.3699951171875,1467.530029296875,1480.1500244140625,134300,0.0,0.0
2021-08-03 00:00:00-04:00,1485.3299560546875,1498.8900146484375,1479.9100341796875,1496.719970703125,96400,0.0,0.0
2021-08-04 00:00:00-04:00,1500.0,1525.0699462890625,1498.68994140625,1515.260009765625,96400,0.0,0.0
2021-08-05 00:00:00-04:00,1519.989990234375,1528.6600341796875,1506.969970703125,1527.56005859375,90500,0.0,0.0
2021-08-06 00:00:00-04:00,1522.8199462890625,1535.31005859375,1510.469970703125,1521.68994140625,110700,0.0,0.0
2021-08-09 00:00:00-04:00,1523.239990234375,1528.1099853515625,1513.5899658203125,1523.93994140625,94700,0.0,0.0
2021-08-10 00:00:00-04:00,1526.260009765625,1530.0,1509.7099609375,1515.27001953125,95800,0.0,0.0
2021-08-11 00:00:00-04:00,1515.0799560546875,1515.0799560546875,1489.8499755859375,1498.780029296875,78000,0.0,0.0
2021-08-12 00:00:00-04:00,1497.3199462890625,1519.6700439453125,1497.3199462890625,1518.1500244140625,60900,0.0,0.0
2021-08-13 00:00:00-04:00,1516.3800048828125,1537.6600341796875,1516.3800048828125,1537.489990234375,61700,0.0,0.0
2021-08-16 00:00:00-04:00,1539.989990234375,1562.550048828125,1531.77001953125,1558.9100341796875,65600,0.0,0.0
2021-08-17 00:00:00-04:00,1556.3699951171875,1560.0,1534.72998046875,1546.25,93700,0.0,0.0
2021-08-18 00:00:00-04:00,1540.449951171875,1543.719970703125,1517.8599853515625,1519.9300537109375,76300,0.0,0.0
2021-08-19 00:00:00-04:00,1507.1199951171875,1544.300048828125,1504.010009765625,1541.5999755859375,70900,0.0,0.0
2021-08-20 00:00:00-04:00,1545.2900390625,1563.3800048828125,1524.5999755859375,1530.510009765625,91100,0.0,0.0
2021-08-23 00:00:00-04:00,1539.4300537109375,1560.5999755859375,1529.8800048828125,1531.9200439453125,133500,0.0,0.0
2021-08-24 00:00:00-04:00,1531.31005859375,1539.8199462890625,1516.25,1525.56005859375,77300,0.0,0.0
2021-08-25 00:00:00-04:00,1526.530029296875,1561.760009765625,1519.8499755859375,1560.6199951171875,103400,0.0,0.0
2021-08-26 00:00:00-04:00,1559.0,1569.6199951171875,1540.3199462890625,1556.8900146484375,61800,0.0,0.0
2021-08-27 00:00:00-04:00,1556.989990234375,1577.9599609375,1554.22998046875,1565.6099853515625,54500,0.0,0.0
2021-08-30 00:00:00-04:00,1572.3800048828125,1593.5699462890625,1571.3599853515625,1588.72998046875,53500,0.0,0.0
2021-08-31 00:00:00-04:00,1593.97998046875,1594.1199951171875,1543.510009765625,1552.8299560546875,158400,0.0,0.0
2021-09-01 00:00:00-04:00,1550.7099609375,1557.5400390625,1539.02001953125,1552.6700439453125,81700,0.0,0.0
2021-09-02 00:00:00-04:00,1563.1099853515625,1583.81005859375,1563.1099853515625,1569.18994140625,93200,0.0,0.0
2021-09-03 00:00:00-04:00,1567.5,1575.9200439453125,1552.5899658203125,1575.31005859375,66300,0.0,0.0
2021-09-07 00:00:00-04:00,1575.31005859375,1583.010009765625,1558.1800537109375,1579.449951171875,71300,0.0,0.0
2021-09-08 00:00:00-04:00,1582.22998046875,1613.7900390625,1581.1400146484375,1604.050048828125,69700,0.0,0.0
2021-09-09 00:00:00-04:00,1615.1600341796875,1616.0899658203125,1580.0699462890625,1584.800048828125,52600,0.0,0.0
2021-09-10 00:00:00-04:00,1596.68994140625,1626.6199951171875,1578.030029296875,1593.989990234375,101800,0.0,0.0
2021-09-13 00:00:00-04:00,1606.1400146484375,1606.1400146484375,1534.1500244140625,1555.47998046875,106600,0.0,0.0
2021-09-14 00:00:00-04:00,1567.3399658203125,1580.199951171875,1555.0,1559.43994140625,73900,0.0,0.0
2021-09-15 00:00:00-04:00,1560.3699951171875,1585.0,1552.800048828125,1561.1500244140625,92000,0.0,0.0
2021-09-16 00:00:00-04:00,1561.0699462890625,1566.1500244140625,1540.06005859375,1554.5899658203125,59800,0.0,0.0
2021-09-17 00:00:00-04:00,1551.3800048828125,1559.199951171875,1541.97998046875,1545.1800537109375,185800,0.0,0.0
2021-09-20 00:00:00-04:00,1527.699951171875,1545.5899658203125,1510.449951171875,1527.18994140625,95100,0.0,0.0
2021-09-21 00:00:00-04:00,1542.56005859375,1543.8299560546875,1516.6400146484375,1535.3800048828125,70600,0.0,0.0
2021-09-22 00:00:00-04:00,1546.9000244140625,1558.8299560546875,1534.5799560546875,1542.780029296875,67500,0.0,0.0
2021-09-23 00:00:00-04:00,1553.010009765625,1578.0,1543.1199951171875,1563.510009765625,101500,0.0,0.0
2021-09-24 00:00:00-04:00,1549.510009765625,1557.6800537109375,1530.0899658203125,1556.8399658203125,71200,0.0,0.0
2021-09-27 00:00:00-04:00,1550.199951171875,1550.8900146484375,1466.06005859375,1477.9599609375,109100,0.0,0.0
2021-09-28 00:00:00-04:00,1463.3399658203125,1463.3399658203125,1409.3399658203125,1421.6500244140625,130000,0.0,0.0
2021-09-29 00:00:00-04:00,1432.56005859375,1443.8299560546875,1401.31005859375,1408.43994140625,133200,0.0,0.0
2021-09-30 00:00:00-04:00,1419.030029296875,1431.5899658203125,1374.93994140625,1377.3599853515625,164900,0.0,0.0
2021-10-01 00:00:00-04:00,1369.77001953125,1398.4000244140625,1335.739990234375,1389.8699951171875,115100,0.0,0.0
2021-10-04 00:00:00-04:00,1386.5699462890625,1400.1400146484375,1355.050048828125,1372.52001953125,145900,0.0,0.0
2021-10-05 00:00:00-04:00,1383.1500244140625,1413.4200439453125,1379.0699462890625,1384.02001953125,99100,0.0,0.0
2021-10-06 00:00:00-04:00,1377.9300537109375,1389.56005859375,1367.699951171875,1384.5,84300,0.0,0.0
2021-10-07 00:00:00-04:00,1407.6700439453125,1426.800048828125,1401.5899658203125,1404.3199462890625,85100,0.0,0.0
2021-10-08 00:00:00-04:00,1405.52001953125,1425.300048828125,1384.1199951171875,1385.300048828125,62900,0.0,0.0
2021-10-11 00:00:00-04:00,1379.1600341796875,1382.280029296875,1357.8800048828125,1361.4300537109375,65400,0.0,0.0
2021-10-12 00:00:00-04:00,1370.1600341796875,1370.1600341796875,1334.8599853515625,1355.25,88100,0.0,0.0
2021-10-13 00:00:00-04:00,1368.4100341796875,1369.300048828125,1349.719970703125,1360.43994140625,57800,0.0,0.0
2021-10-14 00:00:00-04:00,1379.1600341796875,1404.9599609375,1379.1600341796875,1399.31005859375,77600,0.0,0.0
2021-10-15 00:00:00-04:00,1404.3699951171875,1421.8499755859375,1404.3699951171875,1417.75,82500,0.0,0.0
2021-10-18 00:00:00-04:00,1415.7099609375,1425.0699462890625,1407.800048828125,1420.22998046875,70300,0.0,0.0
2021-10-19 00:00:00-04:00,1432.760009765625,1450.8499755859375,1429.6400146484375,1430.449951171875,68000,0.0,0.0
2021-10-20 00:00:00-04:00,1442.18994140625,1452.1500244140625,1425.9100341796875,1437.3399658203125,79300,0.0,0.0
2021-10-21 00:00:00-04:00,1439.9000244140625,1442.6300048828125,1424.0400390625,1436.949951171875,69200,0.0,0.0
2021-10-22 00:00:00-04:00,1436.9000244140625,1472.52001953125,1436.9000244140625,1469.75,70000,0.0,0.0
2021-10-25 00:00:00-04:00,1472.8599853515625,1475.8900146484375,1449.9599609375,1470.719970703125,58800,0.0,0.0
2021-10-26 00:00:00-04:00,1480.5699462890625,1480.5699462890625,1460.239990234375,1470.5799560546875,47600,0.0,0.0
2021-10-27 00:00:00-04:00,1475.3599853515625,1482.6400146484375,1455.739990234375,1461.8900146484375,55000,0.0,0.0
2021-10-28 00:00:00-04:00,1466.4000244140625,1490.3699951171875,1463.719970703125,1479.1500244140625,61000,0.0,0.0
2021-10-29 00:00:00-04:00,1470.5999755859375,1492.18994140625,1470.5999755859375,1480.8800048828125,87200,0.0,0.0
2021-11-01 00:00:00-04:00,1484.1099853515625,1485.72998046875,1428.260009765625,1444.43994140625,114100,0.0,0.0
2021-11-02 00:00:00-04:00,1454.9300537109375,1476.4000244140625,1434.449951171875,1469.8399658203125,109400,0.0,0.0
2021-11-03 00:00:00-04:00,1470.47998046875,1471.6600341796875,1438.199951171875,1471.25,93900,0.0,0.0
2021-11-04 00:00:00-04:00,1472.2099609375,1485.5699462890625,1462.3199462890625,1484.4000244140625,105100,0.0,0.0
2021-11-05 00:00:00-04:00,1511.3699951171875,1543.8199462890625,1459.800048828125,1518.530029296875,186500,0.0,0.0
2021-11-08 00:00:00-05:00,1526.8800048828125,1545.739990234375,1483.77001953125,1543.0,94600,0.0,0.0
2021-11-09 00:00:00-05:00,1553.0899658203125,1558.3299560546875,1528.5899658203125,1557.510009765625,76500,0.0,0.0
2021-11-10 00:00:00-05:00,1553.3399658203125,1557.5899658203125,1532.52001953125,1544.72998046875,96700,0.0,0.0
2021-11-11 00:00:00-05:00,1549.1199951171875,1549.1199951171875,1509.8900146484375,1521.239990234375,70900,0.0,0.0
2021-11-12 00:00:00-05:00,1525.0,1534.989990234375,1521.56005859375,1533.5899658203125,73100,0.0,0.0
2021-11-15 00:00:00-05:00,1533.550048828125,1550.81005859375,1512.9599609375,1515.050048828125,58800,0.0,0.0
2021-11-16 00:00:00-05:00,1518.0999755859375,1555.010009765625,1518.0999755859375,1528.510009765625,70800,0.0,0.0
2021-11-17 00:00:00-05:00,1536.6099853515625,1545.719970703125,1519.9200439453125,1534.1700439453125,57500,0.0,0.0
2021-11-18 00:00:00-05:00,1531.93994140625,1544.5799560546875,1528.72998046875,1544.1199951171875,49500,0.0,0.0
2021-11-19 00:00:00-05:00,1554.0,1574.530029296875,1545.3900146484375,1552.0699462890625,108400,0.0,0.0
2021-11-22 00:00:00-05:00,1551.199951171875,1554.1600341796875,1521.739990234375,1523.280029296875,76200,0.0,0.0
2021-11-23 00:00:00-05:00,1515.2099609375,1531.3299560546875,1479.4100341796875,1524.18994140625,90000,0.0,0.0
2021-11-24 00:00:00-05:00,1520.3599853515625,1522.5899658203125,1486.719970703125,1518.25,91400,0.0,0.0
2021-11-26 00:00:00-05:00,1522.6300048828125,1541.949951171875,1482.949951171875,1496.6500244140625,78600,0.0,0.0
2021-11-29 00:00:00-05:00,1510.050048828125,1546.0899658203125,1510.050048828125,1536.219970703125,126800,0.0,0.0
2021-11-30 00:00:00-05:00,1527.27001953125,1559.1500244140625,1502.6099853515625,1514.1300048828125,217300,0.0,0.0
2021-12-01 00:00:00-05:00,1516.030029296875,1560.5899658203125,1504.9100341796875,1520.449951171875,131100,0.0,0.0
2021-12-02 00:00:00-05:00,1513.0799560546875,1559.3699951171875,1510.4300537109375,1547.5999755859375,132500,0.0,0.0
2021-12-03 00:00:00-05:00,1562.5799560546875,1572.1199951171875,1502.5999755859375,1529.530029296875,128000,0.0,0.0
2021-12-06 00:00:00-05:00,1540.489990234375,1553.219970703125,1524.3800048828125,1535.5,108600,0.0,0.0
2021-12-07 00:00:00-05:00,1561.1800537109375,1581.510009765625,1546.8399658203125,1566.1500244140625,115300,0.0,0.0
2021-12-08 00:00:00-05:00,1574.8299560546875,1592.010009765625,1563.1400146484375,1586.1500244140625,78700,0.0,0.0
2021-12-09 00:00:00-05:00,1591.6500244140625,1599.530029296875,1580.969970703125,1582.1600341796875,72400,0.0,0.0
2021-12-10 00:00:00-05:00,1590.010009765625,1607.9200439453125,1576.6700439453125,1588.3699951171875,86500,0.0,0.0
2021-12-13 00:00:00-05:00,1593.3199462890625,1599.550048828125,1577.8399658203125,1590.199951171875,81900,0.0,0.0
2021-12-14 00:00:00-05:00,1574.77001953125,1574.77001953125,1532.780029296875,1542.9200439453125,104100,0.0,0.0
2021-12-15 00:00:00-05:00,1549.949951171875,1568.31005859375,1536.010009765625,1567.0,145400,0.0,0.0
2021-12-16 00:00:00-05:00,1572.0400390625,1585.469970703125,1543.3199462890625,1565.8499755859375,140300,0.0,0.0
2021-12-17 00:00:00-05:00,1553.6700439453125,1586.800048828125,1543.780029296875,1579.3399658203125,250200,0.0,0.0
2021-12-20 00:00:00-05:00,1567.5799560546875,1567.5799560546875,1533.93994140625,1554.4300537109375,87800,0.0,0.0
2021-12-21 00:00:00-05:00,1565.7099609375,1577.8299560546875,1545.77001953125,1571.5400390625,81100,0.0,0.0
2021-12-22 00:00:00-05:00,1574.469970703125,1604.93994140625,1574.18994140625,1604.93994140625,51300,0.0,0.0
2021-12-23 00:00:00-05:00,1609.5400390625,1631.780029296875,1594.6400146484375,1626.22998046875,69300,0.0,0.0
2021-12-27 00:00:00-05:00,1641.25,1674.5999755859375,1635.4300537109375,1673.4100341796875,64700,0.0,0.0
2021-12-28 00:00:00-05:00,1680.219970703125,1680.219970703125,1661.9599609375,1675.1700439453125,48400,0.0,0.0
2021-12-29 00:00:00-05:00,1679.0,1707.989990234375,1679.0,1701.989990234375,62800,0.0,0.0
2021-12-30 00:00:00-05:00,1706.4000244140625,1714.75,1689.1700439453125,1702.530029296875,63600,0.0,0.0
2021-12-31 00:00:00-05:00,1699.489990234375,1710.9599609375,1696.9000244140625,1697.2099609375,51900,0.0,0.0
2022-01-03 00:00:00-05:00,1690.8699951171875,1699.1099853515625,1636.3699951171875,1674.8599853515625,106200,0.0,0.0
2022-01-04 00:00:00-05:00,1664.510009765625,1667.1800537109375,1633.219970703125,1640.72998046875,126800,0.0,0.0
2022-01-05 00:00:00-05:00,1636.0699462890625,1654.780029296875,1582.0799560546875,1583.1099853515625,106300,0.0,0.0
2022-01-06 00:00:00-05:00,1577.56005859375,1619.02001953125,1567.5999755859375,1602.8499755859375,99700,0.0,0.0
2022-01-07 00:00:00-05:00,1597.97998046875,1598.0,1542.3399658203125,1542.3900146484375,106600,0.0,0.0
2022-01-10 00:00:00-05:00,1524.9599609375,1568.8699951171875,1508.5899658203125,1565.989990234375,96500,0.0,0.0
2022-01-11 00:00:00-05:00,1565.989990234375,1579.280029296875,1547.6800537109375,1571.4300537109375,84300,0.0,0.0
2022-01-12 00:00:00-05:00,1575.7900390625,1584.22998046875,1555.0,1559.6199951171875,119300,0.0,0.0
2022-01-13 00:00:00-05:00,1564.5899658203125,1564.5899658203125,1480.030029296875,1503.68994140625,176000,0.0,0.0
2022-01-14 00:00:00-05:00,1490.300048828125,1517.2900390625,1487.3800048828125,1512.760009765625,145600,0.0,0.0
2022-01-18 00:00:00-05:00,1490.5999755859375,1497.3599853515625,1473.5,1483.75,123700,0.0,0.0
2022-01-19 00:00:00-05:00,1489.97998046875,1515.6199951171875,1465.4000244140625,1469.0699462890625,99500,0.0,0.0
2022-01-20 00:00:00-05:00,1478.5,1512.4200439453125,1467.5400390625,1470.530029296875,120700,0.0,0.0
2022-01-21 00:00:00-05:00,1460.780029296875,1503.8499755859375,1454.6199951171875,1458.3399658203125,220200,0.0,0.0
2022-01-24 00:00:00-05:00,1432.6300048828125,1467.56005859375,1388.7099609375,1462.6400146484375,160500,0.0,0.0
2022-01-25 00:00:00-05:00,1431.489990234375,1439.4200439453125,1390.199951171875,1413.699951171875,151100,0.0,0.0
2022-01-26 00:00:00-05:00,1425.68994140625,1451.8900146484375,1389.7900390625,1405.530029296875,102100,0.0,0.0
2022-01-27 00:00:00-05:00,1417.8599853515625,1435.0899658203125,1384.280029296875,1396.449951171875,135000,0.0,0.0
2022-01-28 00:00:00-05:00,1409.77001953125,1430.9599609375,1385.1500244140625,1430.530029296875,88400,0.0,0.0
2022-01-31 00:00:00-05:00,1434.260009765625,1475.75,1433.8499755859375,1472.6800537109375,129000,0.0,0.0
2022-02-01 00:00:00-05:00,1485.3599853515625,1499.989990234375,1460.4599609375,1496.4300537109375,132900,0.0,0.0
2022-02-02 00:00:00-05:00,1500.3699951171875,1529.219970703125,1500.3699951171875,1526.0699462890625,87200,0.0,0.0
2022-02-03 00:00:00-05:00,1503.81005859375,1522.469970703125,1490.260009765625,1495.52001953125,81900,0.0,0.0
2022-02-04 00:00:00-05:00,1485.0,1509.9000244140625,1461.5999755859375,1491.9000244140625,66000,0.0,0.0
2022-02-07 00:00:00-05:00,1496.280029296875,1507.0,1472.4200439453125,1499.949951171875,84500,0.0,0.0
2022-02-08 00:00:00-05:00,1478.949951171875,1521.0,1478.949951171875,1500.68994140625,163500,0.0,0.0
2022-02-09 00:00:00-05:00,1518.949951171875,1554.6800537109375,1518.949951171875,1554.6700439453125,112600,0.0,0.0
2022-02-10 00:00:00-05:00,1517.510009765625,1566.050048828125,1515.1800537109375,1521.699951171875,207800,0.0,0.0
2022-02-11 00:00:00-05:00,1499.97998046875,1537.719970703125,1426.93994140625,1430.4100341796875,284400,0.0,0.0
2022-02-14 00:00:00-05:00,1427.6500244140625,1436.8699951171875,1401.3900146484375,1416.1199951171875,202200,0.0,0.0
2022-02-15 00:00:00-05:00,1441.8399658203125,1459.199951171875,1419.3699951171875,1429.760009765625,127600,0.0,0.0
2022-02-16 00:00:00-05:00,1417.3499755859375,1468.1400146484375,1402.56005859375,1462.199951171875,138200,0.0,0.0
2022-02-17 00:00:00-05:00,1449.6500244140625,1452.0899658203125,1413.0,1417.1199951171875,161400,0.0,0.0
2022-02-18 00:00:00-05:00,1420.68994140625,1438.6199951171875,1401.5899658203125,1408.4599609375,100500,0.0,0.0
2022-02-22 00:00:00-05:00,1397.3699951171875,1426.8299560546875,1389.300048828125,1416.75,140100,0.0,0.0
2022-02-23 00:00:00-05:00,1420.800048828125,1427.2099609375,1379.050048828125,1380.6500244140625,90600,0.0,0.0
2022-02-24 00:00:00-05:00,1353.760009765625,1417.22998046875,1346.5999755859375,1412.3699951171875,112000,0.0,0.0
2022-02-25 00:00:00-05:00,1417.449951171875,1449.719970703125,1406.800048828125,1447.52001953125,99200,0.0,0.0
2022-02-28 00:00:00-05:00,1425.1099853515625,1437.510009765625,1387.5899658203125,1408.739990234375,189200,0.0,0.0
2022-03-01 00:00:00-05:00,1404.56005859375,1435.5400390625,1380.8800048828125,1393.3399658203125,128100,0.0,0.0
2022-03-02 00:00:00-05:00,1376.4599609375,1402.469970703125,1370.260009765625,1387.300048828125,135300,0.0,0.0
2022-03-03 00:00:00-05:00,1396.8699951171875,1414.4300537109375,1383.2099609375,1404.7099609375,87000,0.0,0.0
2022-03-04 00:00:00-05:00,1386.530029296875,1391.699951171875,1355.6199951171875,1388.780029296875,107800,0.0,0.0
2022-03-07 00:00:00-05:00,1378.0,1382.6300048828125,1317.030029296875,1339.43994140625,129900,0.0,0.0
2022-03-08 00:00:00-05:00,1325.0,1355.6400146484375,1302.8800048828125,1317.0999755859375,107400,0.0,0.0
2022-03-09 00:00:00-05:00,1359.3699951171875,1396.4100341796875,1356.6700439453125,1388.2900390625,85600,0.0,0.0
2022-03-10 00:00:00-05:00,1330.0,1363.1099853515625,1330.0,1338.3399658203125,132300,0.0,0.0
2022-03-11 00:00:00-05:00,1346.9000244140625,1349.75,1309.5699462890625,1311.219970703125,121800,0.0,0.0
2022-03-14 00:00:00-04:00,1324.5400390625,1341.1600341796875,1282.4300537109375,1289.3199462890625,178300,0.0,0.0
2022-03-15 00:00:00-04:00,1300.9599609375,1327.3599853515625,1290.6400146484375,1319.449951171875,116300,0.0,0.0
2022-03-16 00:00:00-04:00,1331.5899658203125,1361.3499755859375,1331.5,1358.8399658203125,93900,0.0,0.0
2022-03-17 00:00:00-04:00,1358.6800537109375,1389.8499755859375,1345.239990234375,1389.1300048828125,104500,0.0,0.0
2022-03-18 00:00:00-04:00,1396.8800048828125,1411.6700439453125,1386.800048828125,1405.22998046875,147300,0.0,0.0
2022-03-21 00:00:00-04:00,1389.280029296875,1408.77001953125,1371.550048828125,1394.6099853515625,104300,0.0,0.0
2022-03-22 00:00:00-04:00,1399.9000244140625,1419.47998046875,1392.1600341796875,1399.5899658203125,100800,0.0,0.0
2022-03-23 00:00:00-04:00,1386.31005859375,1386.31005859375,1350.0,1359.31005859375,147800,0.0,0.0
2022-03-24 00:00:00-04:00,1362.3800048828125,1381.3299560546875,1337.1199951171875,1379.5,92800,0.0,0.0
2022-03-25 00:00:00-04:00,1389.3800048828125,1389.3800048828125,1365.3599853515625,1388.3900146484375,72600,0.0,0.0
2022-03-28 00:00:00-04:00,1398.8599853515625,1410.3399658203125,1375.969970703125,1395.68994140625,75900,0.0,0.0
2022-03-29 00:00:00-04:00,1419.260009765625,1444.800048828125,1405.050048828125,1423.280029296875,84400,0.0,0.0
2022-03-30 00:00:00-04:00,1410.8199462890625,1416.050048828125,1394.8900146484375,1405.739990234375,102300,0.0,0.0
2022-03-31 00:00:00-04:00,1407.27001953125,1412.780029296875,1370.719970703125,1373.18994140625,142700,0.0,0.0
2022-04-01 00:00:00-04:00,1381.81005859375,1387.1500244140625,1346.5699462890625,1371.6300048828125,189300,0.0,0.0
2022-04-04 00:00:00-04:00,1368.72998046875,1376.8800048828125,1350.1400146484375,1357.4300537109375,121100,0.0,0.0
2022-04-05 00:00:00-04:00,1346.219970703125,1362.31005859375,1331.27001953125,1349.010009765625,169500,0.0,0.0
2022-04-06 00:00:00-04:00,1337.5400390625,1340.260009765625,1309.800048828125,1327.8599853515625,159900,0.0,0.0
2022-04-07 00:00:00-04:00,1329.9000244140625,1375.2099609375,1317.9000244140625,1368.739990234375,146800,0.0,0.0
2022-04-08 00:00:00-04:00,1371.0,1401.949951171875,1371.0,1381.8399658203125,144900,0.0,0.0
2022-04-11 00:00:00-04:00,1370.75,1373.6500244140625,1336.8199462890625,1348.0,121600,0.0,0.0
2022-04-12 00:00:00-04:00,1353.800048828125,1359.050048828125,1301.760009765625,1313.77001953125,140600,0.0,0.0
2022-04-13 00:00:00-04:00,1313.93994140625,1344.989990234375,1310.719970703125,1342.5899658203125,138300,0.0,0.0
2022-04-14 00:00:00-04:00,1344.0699462890625,1344.0699462890625,1314.239990234375,1318.3599853515625,135900,0.0,0.0
2022-04-18 00:00:00-04:00,1309.4200439453125,1315.4300537109375,1291.8599853515625,1304.5799560546875,72400,0.0,0.0
2022-04-19 00:00:00-04:00,1305.3199462890625,1335.3800048828125,1305.3199462890625,1331.0400390625,89300,0.0,0.0
2022-04-20 00:00:00-04:00,1345.02001953125,1378.9200439453125,1335.6099853515625,1362.449951171875,118200,0.0,0.0
2022-04-21 00:00:00-04:00,1370.5899658203125,1370.780029296875,1322.949951171875,1326.22998046875,89200,0.0,0.0
2022-04-22 00:00:00-04:00,1323.8599853515625,1324.3199462890625,1283.5999755859375,1284.6300048828125,84000,0.0,0.0
2022-04-25 00:00:00-04:00,1279.77001953125,1305.0999755859375,1254.9599609375,1302.5899658203125,115200,0.0,0.0
2022-04-26 00:00:00-04:00,1295.0999755859375,1296.3399658203125,1254.6800537109375,1254.7900390625,90600,0.0,0.0
2022-04-27 00:00:00-04:00,1256.5899658203125,1284.760009765625,1249.9100341796875,1258.0699462890625,134000,0.0,0.0
2022-04-28 00:00:00-04:00,1278.5400390625,1301.949951171875,1262.9100341796875,1293.510009765625,132500,0.0,0.0
2022-04-29 00:00:00-04:00,1285.949951171875,1314.8399658203125,1273.489990234375,1277.530029296875,138700,0.0,0.0
2022-05-02 00:00:00-04:00,1272.449951171875,1294.97998046875,1262.5899658203125,1293.02001953125,155200,0.0,0.0
2022-05-03 00:00:00-04:00,1292.760009765625,1347.77001953125,1292.760009765625,1334.3699951171875,247600,0.0,0.0
2022-05-04 00:00:00-04:00,1327.199951171875,1383.489990234375,1318.0400390625,1379.6199951171875,166400,0.0,0.0
2022-05-05 00:00:00-04:00,1367.0999755859375,1370.989990234375,1300.1099853515625,1311.3499755859375,196600,0.0,0.0
2022-05-06 00:00:00-04:00,1296.72998046875,1327.3800048828125,1253.0400390625,1315.9000244140625,229800,0.0,0.0
2022-05-09 00:00:00-04:00,1299.0899658203125,1299.0899658203125,1188.56005859375,1196.0699462890625,204600,0.0,0.0
2022-05-10 00:00:00-04:00,1218.8199462890625,1241.0799560546875,1199.77001953125,1219.6400146484375,209300,0.0,0.0
2022-05-11 00:00:00-04:00,1215.949951171875,1224.6700439453125,1175.9599609375,1179.4000244140625,251200,0.0,0.0
2022-05-12 00:00:00-04:00,1178.5400390625,1218.489990234375,1168.31005859375,1213.1199951171875,152100,0.0,0.0
2022-05-13 00:00:00-04:00,1230.6500244140625,1274.4599609375,1227.43994140625,1255.1099853515625,128000,0.0,0.0
2022-05-16 00:00:00-04:00,1243.3299560546875,1252.8800048828125,1229.6700439453125,1233.510009765625,139300,0.0,0.0
2022-05-17 00:00:00-04:00,1256.489990234375,1265.7900390625,1224.3800048828125,1236.3800048828125,133000,0.0,0.0
2022-05-18 00:00:00-04:00,1215.760009765625,1225.0,1189.8699951171875,1194.52001953125,128000,0.0,0.0
2022-05-19 00:00:00-04:00,1182.56005859375,1228.1199951171875,1182.56005859375,1219.7099609375,157800,0.0,0.0
2022-05-20 00:00:00-04:00,1234.4100341796875,1241.0699462890625,1206.2900390625,1238.5799560546875,136900,0.0,0.0
2022-05-23 00:00:00-04:00,1254.68994140625,1255.8599853515625,1230.8599853515625,1247.47998046875,120000,0.0,0.0
2022-05-24 00:00:00-04:00,1240.0,1240.3499755859375,1220.2099609375,1231.4599609375,99200,0.0,0.0
2022-05-25 00:00:00-04:00,1235.6300048828125,1247.199951171875,1218.1700439453125,1230.010009765625,101700,0.0,0.0
2022-05-26 00:00:00-04:00,1238.27001953125,1265.22998046875,1230.760009765625,1258.469970703125,77900,0.0,0.0
2022-05-27 00:00:00-04:00,1274.699951171875,1326.81005859375,1274.699951171875,1326.52001953125,127200,0.0,0.0
2022-05-31 00:00:00-04:00,1306.8699951171875,1308.75,1276.050048828125,1286.1199951171875,214300,0.0,0.0
2022-06-01 00:00:00-04:00,1301.3699951171875,1305.989990234375,1246.699951171875,1263.4000244140625,108900,0.0,0.0
2022-06-02 00:00:00-04:00,1267.3299560546875,1326.3299560546875,1262.56005859375,1326.3199462890625,102500,0.0,0.0
2022-06-03 00:00:00-04:00,1300.0999755859375,1309.8599853515625,1283.6500244140625,1298.9000244140625,76700,0.0,0.0
2022-06-06 00:00:00-04:00,1306.9100341796875,1321.27001953125,1290.969970703125,1304.0899658203125,82000,0.0,0.0
2022-06-07 00:00:00-04:00,1289.8299560546875,1315.8699951171875,1284.5999755859375,1315.31005859375,92800,0.0,0.0
2022-06-08 00:00:00-04:00,1305.7900390625,1317.8399658203125,1290.9000244140625,1294.3199462890625,75200,0.0,0.0
2022-06-09 00:00:00-04:00,1281.8599853515625,1290.760009765625,1254.06005859375,1254.5400390625,85300,0.0,0.0
2022-06-10 00:00:00-04:00,1231.260009765625,1231.260009765625,1198.18994140625,1200.43994140625,161400,0.0,0.0
2022-06-13 00:00:00-04:00,1162.31005859375,1179.239990234375,1153.56005859375,1172.75,127200,0.0,0.0
2022-06-14 00:00:00-04:00,1171.3499755859375,1171.3499755859375,1136.3699951171875,1157.6300048828125,95300,0.0,0.0
2022-06-15 00:00:00-04:00,1170.56005859375,1180.8900146484375,1149.219970703125,1167.25,86200,0.0,0.0
2022-06-16 00:00:00-04:00,1135.0,1135.0,1110.3699951171875,1118.52001953125,153000,0.0,0.0
2022-06-17 00:00:00-04:00,1126.030029296875,1128.93994140625,1096.81005859375,1097.800048828125,297900,0.0,0.0
2022-06-21 00:00:00-04:00,1122.4300537109375,1122.4300537109375,1095.8199462890625,1097.5699462890625,173300,0.0,0.0
2022-06-22 00:00:00-04:00,1087.1400146484375,1112.260009765625,1082.780029296875,1101.72998046875,187300,0.0,0.0
2022-06-23 00:00:00-04:00,1107.7099609375,1136.0899658203125,1105.0799560546875,1132.4000244140625,197100,0.0,0.0
2022-06-24 00:00:00-04:00,1138.1600341796875,1152.949951171875,1135.4000244140625,1146.9000244140625,257700,0.0,0.0
2022-06-27 00:00:00-04:00,1153.8499755859375,1153.8499755859375,1133.93994140625,1144.239990234375,162100,0.0,0.0
2022-06-28 00:00:00-04:00,1144.27001953125,1152.219970703125,1130.3199462890625,1130.77001953125,157400,0.0,0.0
2022-06-29 00:00:00-04:00,1135.0,1148.3699951171875,1118.739990234375,1146.02001953125,142000,0.0,0.0
2022-06-30 00:00:00-04:00,1128.9100341796875,1163.300048828125,1124.0999755859375,1148.77001953125,219100,0.0,0.0
2022-07-01 00:00:00-04:00,1151.3299560546875,1167.8199462890625,1145.68994140625,1161.8499755859375,139100,0.0,0.0
2022-07-05 00:00:00-04:00,1142.949951171875,1176.1500244140625,1131.800048828125,1175.469970703125,133000,0.0,0.0
2022-07-06 00:00:00-04:00,1175.3399658203125,1180.800048828125,1161.02001953125,1171.5999755859375,200500,0.0,0.0
2022-07-07 00:00:00-04:00,1170.0799560546875,1208.3599853515625,1170.0400390625,1207.300048828125,190800,0.0,0.0
2022-07-08 00:00:00-04:00,1196.010009765625,1228.93994140625,1194.5699462890625,1221.280029296875,141000,0.0,0.0
2022-07-11 00:00:00-04:00,1211.739990234375,1230.1099853515625,1205.31005859375,1222.8299560546875,132000,0.0,0.0
2022-07-12 00:00:00-04:00,1212.800048828125,1227.47998046875,1186.75,1190.56005859375,104500,0.0,0.0
2022-07-13 00:00:00-04:00,1165.72998046875,1197.18994140625,1162.949951171875,1172.3399658203125,108500,0.0,0.0
2022-07-14 00:00:00-04:00,1152.77001953125,1157.239990234375,1111.0,1138.219970703125,134700,0.0,0.0
2022-07-15 00:00:00-04:00,1157.3800048828125,1168.1099853515625,1143.56005859375,1158.9599609375,94900,0.0,0.0
2022-07-18 00:00:00-04:00,1163.5899658203125,1163.5899658203125,1116.6500244140625,1122.800048828125,84900,0.0,0.0
2022-07-19 00:00:00-04:00,1140.6400146484375,1158.949951171875,1137.31005859375,1156.8699951171875,133600,0.0,0.0
2022-07-20 00:00:00-04:00,1153.4000244140625,1180.6800537109375,1153.4000244140625,1166.4200439453125,89800,0.0,0.0
2022-07-21 00:00:00-04:00,1181.81005859375,1242.4300537109375,1181.81005859375,1240.2900390625,125100,0.0,0.0
2022-07-22 00:00:00-04:00,1249.0899658203125,1255.3199462890625,1219.449951171875,1224.1400146484375,113800,0.0,0.0
2022-07-25 00:00:00-04:00,1225.239990234375,1231.0,1210.800048828125,1230.219970703125,97800,0.0,0.0
2022-07-26 00:00:00-04:00,1229.510009765625,1240.4100341796875,1220.0699462890625,1235.8499755859375,110500,0.0,0.0
2022-07-27 00:00:00-04:00,1235.8900146484375,1285.06005859375,1235.8900146484375,1273.56005859375,133200,0.0,0.0
2022-07-28 00:00:00-04:00,1273.56005859375,1307.239990234375,1264.52001953125,1298.9599609375,138500,0.0,0.0
2022-07-29 00:00:00-04:00,1312.3299560546875,1357.6099853515625,1309.47998046875,1349.72998046875,205200,0.0,0.0
2022-08-01 00:00:00-04:00,1339.3399658203125,1356.6099853515625,1339.3399658203125,1350.8299560546875,143100,0.0,0.0
2022-08-02 00:00:00-04:00,1344.239990234375,1362.6600341796875,1336.9200439453125,1340.3199462890625,154400,0.0,0.0
2022-08-03 00:00:00-04:00,1348.6199951171875,1367.4100341796875,1342.530029296875,1359.9200439453125,91000,0.0,0.0
2022-08-04 00:00:00-04:00,1358.3399658203125,1358.3399658203125,1334.9100341796875,1346.8800048828125,121700,0.0,0.0
2022-08-05 00:00:00-04:00,1330.52001953125,1349.989990234375,1325.0899658203125,1347.719970703125,76000,0.0,0.0
2022-08-08 00:00:00-04:00,1361.1099853515625,1361.1099853515625,1335.4100341796875,1342.1099853515625,61000,0.0,0.0
2022-08-09 00:00:00-04:00,1335.5799560546875,1335.5799560546875,1311.510009765625,1314.6300048828125,61700,0.0,0.0
2022-08-10 00:00:00-04:00,1338.6400146484375,1349.1199951171875,1332.0999755859375,1346.780029296875,89000,0.0,0.0
2022-08-11 00:00:00-04:00,1356.5899658203125,1372.7900390625,1339.510009765625,1346.7900390625,72700,0.0,0.0
2022-08-12 00:00:00-04:00,1349.4599609375,1365.72998046875,1341.9000244140625,1364.0999755859375,61300,0.0,0.0
2022-08-15 00:00:00-04:00,1358.3199462890625,1369.4100341796875,1343.25,1366.3900146484375,59500,0.0,0.0
2022-08-16 00:00:00-04:00,1354.93994140625,1368.239990234375,1346.6300048828125,1356.0999755859375,65500,0.0,0.0
2022-08-17 00:00:00-04:00,1341.56005859375,1363.8299560546875,1335.47998046875,1356.5999755859375,82800,0.0,0.0
2022-08-18 00:00:00-04:00,1361.25,1361.25,1332.989990234375,1358.719970703125,65100,0.0,0.0
2022-08-19 00:00:00-04:00,1354.719970703125,1362.719970703125,1329.699951171875,1333.800048828125,88400,0.0,0.0
2022-08-22 00:00:00-04:00,1314.5999755859375,1323.9300537109375,1301.7099609375,1308.27001953125,58800,0.0,0.0
2022-08-23 00:00:00-04:00,1300.22998046875,1308.81005859375,1280.239990234375,1282.8299560546875,63200,0.0,0.0
2022-08-24 00:00:00-04:00,1289.510009765625,1303.8800048828125,1282.9599609375,1296.760009765625,50400,0.0,0.0
2022-08-25 00:00:00-04:00,1307.3499755859375,1324.6400146484375,1299.2900390625,1323.9599609375,38400,0.0,0.0
2022-08-26 00:00:00-04:00,1323.9599609375,1324.5,1250.6099853515625,1251.9100341796875,65300,0.0,0.0
2022-08-29 00:00:00-04:00,1233.81005859375,1243.1099853515625,1223.550048828125,1232.3699951171875,69900,0.0,0.0
2022-08-30 00:00:00-04:00,1232.6700439453125,1234.760009765625,1216.5699462890625,1223.719970703125,80500,0.0,0.0
2022-08-31 00:00:00-04:00,1231.3599853515625,1239.1700439453125,1211.93994140625,1212.4599609375,163400,0.0,0.0
2022-09-01 00:00:00-04:00,1207.8199462890625,1208.72998046875,1186.3900146484375,1208.3299560546875,82000,0.0,0.0
2022-09-02 00:00:00-04:00,1229.47998046875,1229.47998046875,1191.0699462890625,1195.02001953125,55100,0.0,0.0
2022-09-06 00:00:00-04:00,1211.7900390625,1231.0999755859375,1206.949951171875,1222.7099609375,105400,0.0,0.0
2022-09-07 00:00:00-04:00,1226.4599609375,1253.6700439453125,1214.6099853515625,1250.47998046875,77500,0.0,0.0
2022-09-08 00:00:00-04:00,1246.5400390625,1286.25,1244.280029296875,1284.31005859375,89900,0.0,0.0
2022-09-09 00:00:00-04:00,1285.5400390625,1301.489990234375,1281.4300537109375,1300.949951171875,67900,0.0,0.0
2022-09-12 00:00:00-04:00,1301.0,1316.0,1300.8800048828125,1314.3900146484375,53200,0.0,0.0
2022-09-13 00:00:00-04:00,1280.3900146484375,1290.7900390625,1269.760009765625,1270.6300048828125,168800,0.0,0.0
2022-09-14 00:00:00-04:00,1269.2900390625,1271.989990234375,1239.43994140625,1250.050048828125,127900,0.0,0.0
2022-09-15 00:00:00-04:00,1243.52001953125,1262.239990234375,1233.0799560546875,1243.7900390625,90000,0.0,0.0
2022-09-16 00:00:00-04:00,1242.9300537109375,1242.9300537109375,1186.449951171875,1198.5,178100,0.0,0.0
2022-09-19 00:00:00-04:00,1187.27001953125,1207.6800537109375,1186.3800048828125,1204.8199462890625,92700,0.0,0.0
2022-09-20 00:00:00-04:00,1191.3499755859375,1194.0799560546875,1153.52001953125,1167.550048828125,116900,0.0,0.0
2022-09-21 00:00:00-04:00,1173.31005859375,1201.489990234375,1159.1400146484375,1160.06005859375,100400,0.0,0.0
2022-09-22 00:00:00-04:00,1152.4599609375,1152.4599609375,1133.22998046875,1135.530029296875,114800,0.0,0.0
2022-09-23 00:00:00-04:00,1130.3800048828125,1139.1400146484375,1104.93994140625,1132.010009765625,121300,0.0,0.0
2022-09-26 00:00:00-04:00,1124.6600341796875,1139.1199951171875,1112.18994140625,1117.8499755859375,95600,0.0,0.0
2022-09-27 00:00:00-04:00,1130.0699462890625,1136.5799560546875,1095.3800048828125,1104.280029296875,119500,0.0,0.0
2022-09-28 00:00:00-04:00,1099.22998046875,1117.8900146484375,1096.93994140625,1109.0999755859375,141400,0.0,0.0
2022-09-29 00:00:00-04:00,1098.800048828125,1101.72998046875,1085.7099609375,1096.8800048828125,163500,0.0,0.0
2022-09-30 00:00:00-04:00,1100.18994140625,1112.5999755859375,1081.6700439453125,1084.1199951171875,144400,0.0,0.0
2022-10-03 00:00:00-04:00,1100.47998046875,1140.3900146484375,1092.9599609375,1133.3599853515625,112700,0.0,0.0
2022-10-04 00:00:00-04:00,1154.949951171875,1182.9200439453125,1154.949951171875,1179.2099609375,147800,0.0,0.0
2022-10-05 00:00:00-04:00,1161.5,1208.5699462890625,1161.5,1202.469970703125,116800,0.0,0.0
2022-10-06 00:00:00-04:00,1194.760009765625,1214.6800537109375,1194.6099853515625,1203.1800537109375,135400,0.0,0.0
2022-10-07 00:00:00-04:00,1190.8399658203125,1190.8399658203125,1153.77001953125,1156.8900146484375,97000,0.0,0.0
2022-10-10 00:00:00-04:00,1164.18994140625,1164.18994140625,1126.8499755859375,1127.0799560546875,89000,0.0,0.0
2022-10-11 00:00:00-04:00,1121.6099853515625,1132.93994140625,1098.3199462890625,1113.260009765625,96200,0.0,0.0
2022-10-12 00:00:00-04:00,1118.1600341796875,1118.9599609375,1101.81005859375,1102.6700439453125,74300,0.0,0.0
2022-10-13 00:00:00-04:00,1077.5400390625,1142.9000244140625,1065.550048828125,1131.6300048828125,104600,0.0,0.0
2022-10-14 00:00:00-04:00,1139.8699951171875,1149.3800048828125,1112.050048828125,1117.030029296875,100400,0.0,0.0
2022-10-17 00:00:00-04:00,1135.8900146484375,1181.31005859375,1133.8499755859375,1173.1199951171875,105200,0.0,0.0
2022-10-18 00:00:00-04:00,1209.1600341796875,1216.969970703125,1186.3499755859375,1200.0,105500,0.0,0.0
2022-10-19 00:00:00-04:00,1184.97998046875,1186.2900390625,1154.43994140625,1166.969970703125,95800,0.0,0.0
2022-10-20 00:00:00-04:00,1157.280029296875,1184.43994140625,1135.469970703125,1143.9000244140625,102300,0.0,0.0
2022-10-21 00:00:00-04:00,1149.5999755859375,1176.8699951171875,1136.2900390625,1174.3800048828125,93000,0.0,0.0
2022-10-24 00:00:00-04:00,1187.8699951171875,1212.1400146484375,1186.6300048828125,1197.1400146484375,104300,0.0,0.0
2022-10-25 00:00:00-04:00,1203.52001953125,1240.3499755859375,1203.52001953125,1230.8900146484375,84800,0.0,0.0
2022-10-26 00:00:00-04:00,1235.6300048828125,1278.1700439453125,1232.1199951171875,1262.8299560546875,110500,0.0,0.0
2022-10-27 00:00:00-04:00,1258.3399658203125,1270.780029296875,1242.97998046875,1253.0799560546875,94700,0.0,0.0
2022-10-28 00:00:00-04:00,1253.0799560546875,1277.5400390625,1235.3199462890625,1264.550048828125,70600,0.0,0.0
2022-10-31 00:00:00-04:00,1248.3599853515625,1280.1800537109375,1248.3599853515625,1264.9300537109375,110100,0.0,0.0
2022-11-01 00:00:00-04:00,1284.780029296875,1288.6300048828125,1253.0799560546875,1280.8399658203125,117100,0.0,0.0
2022-11-02 00:00:00-04:00,1281.469970703125,1294.5699462890625,1236.8499755859375,1238.81005859375,110000,0.0,0.0
2022-11-03 00:00:00-04:00,1221.2900390625,1247.7099609375,1200.0999755859375,1225.8699951171875,102900,0.0,0.0
2022-11-04 00:00:00-04:00,1213.6099853515625,1297.5400390625,1199.4100341796875,1284.510009765625,183800,0.0,0.0
2022-11-07 00:00:00-05:00,1297.9000244140625,1304.6600341796875,1270.449951171875,1298.7099609375,155300,0.0,0.0
2022-11-08 00:00:00-05:00,1306.4200439453125,1358.9599609375,1299.280029296875,1350.9599609375,151900,0.0,0.0
2022-11-09 00:00:00-05:00,1337.81005859375,1353.47998046875,1320.739990234375,1336.22998046875,106800,0.0,0.0
2022-11-10 00:00:00-05:00,1398.93994140625,1454.699951171875,1398.93994140625,1449.1500244140625,160700,0.0,0.0
2022-11-11 00:00:00-05:00,1452.4200439453125,1488.3699951171875,1446.5699462890625,1464.3800048828125,138100,0.0,0.0
2022-11-14 00:00:00-05:00,1466.0,1495.0699462890625,1440.1800537109375,1442.800048828125,139500,0.0,0.0
2022-11-15 00:00:00-05:00,1462.9300537109375,1462.9300537109375,1404.219970703125,1408.030029296875,138400,0.0,0.0
2022-11-16 00:00:00-05:00,1418.6500244140625,1418.6500244140625,1385.3599853515625,1395.75,106000,0.0,0.0
2022-11-17 00:00:00-05:00,1370.010009765625,1388.8299560546875,1354.06005859375,1388.8299560546875,118800,0.0,0.0
2022-11-18 00:00:00-05:00,1414.3199462890625,1414.3199462890625,1384.719970703125,1401.31005859375,72800,0.0,0.0
2022-11-21 00:00:00-05:00,1390.3199462890625,1406.1500244140625,1386.8900146484375,1391.9300537109375,59000,0.0,0.0
2022-11-22 00:00:00-05:00,1407.3299560546875,1439.75,1402.9300537109375,1439.75,90700,0.0,0.0
2022-11-23 00:00:00-05:00,1446.530029296875,1450.0,1429.8699951171875,1441.3199462890625,66200,0.0,0.0
2022-11-25 00:00:00-05:00,1444.219970703125,1455.1400146484375,1438.27001953125,1449.68994140625,34700,0.0,0.0
2022-11-28 00:00:00-05:00,1431.8499755859375,1442.31005859375,1416.760009765625,1439.8900146484375,118100,0.0,0.0
2022-11-29 00:00:00-05:00,1429.5799560546875,1444.4100341796875,1412.2099609375,1412.2099609375,94200,0.0,0.0
2022-11-30 00:00:00-05:00,1419.06005859375,1469.9200439453125,1402.1800537109375,1469.56005859375,234000,0.0,0.0
2022-12-01 00:00:00-05:00,1483.550048828125,1498.9000244140625,1468.7900390625,1490.3299560546875,116900,0.0,0.0
2022-12-02 00:00:00-05:00,1463.0799560546875,1499.4599609375,1456.5699462890625,1486.0999755859375,73000,0.0,0.0
2022-12-05 00:00:00-05:00,1465.3399658203125,1473.300048828125,1436.1300048828125,1454.3699951171875,68400,0.0,0.0
2022-12-06 00:00:00-05:00,1445.050048828125,1467.0999755859375,1436.02001953125,1453.800048828125,70400,0.0,0.0
2022-12-07 00:00:00-05:00,1441.2900390625,1472.3699951171875,1441.2900390625,1461.5699462890625,76100,0.0,0.0
2022-12-08 00:00:00-05:00,1461.219970703125,1486.1400146484375,1461.219970703125,1482.72998046875,90700,0.0,0.0
2022-12-09 00:00:00-05:00,1467.4200439453125,1483.449951171875,1449.6300048828125,1455.56005859375,86300,0.0,0.0
2022-12-12 00:00:00-05:00,1460.0,1485.0899658203125,1457.9599609375,1484.8900146484375,100300,0.0,0.0
2022-12-13 00:00:00-05:00,1530.9599609375,1534.739990234375,1499.0899658203125,1513.02001953125,144800,0.0,0.0
2022-12-14 00:00:00-05:00,1507.8499755859375,1513.550048828125,1463.6400146484375,1474.760009765625,128400,0.0,0.0
2022-12-15 00:00:00-05:00,1447.1600341796875,1456.5400390625,1412.93994140625,1418.0699462890625,110600,0.0,0.0
2022-12-16 00:00:00-05:00,1401.5799560546875,1430.5699462890625,1399.47998046875,1428.18994140625,190200,0.0,0.0
2022-12-19 00:00:00-05:00,1425.300048828125,1425.52001953125,1392.949951171875,1397.9300537109375,94800,0.0,0.0
2022-12-20 00:00:00-05:00,1397.6099853515625,1417.3499755859375,1390.6500244140625,1405.050048828125,74600,0.0,0.0
2022-12-21 00:00:00-05:00,1411.760009765625,1447.969970703125,1411.760009765625,1444.02001953125,66200,0.0,0.0
2022-12-22 00:00:00-05:00,1424.0,1440.9000244140625,1407.300048828125,1438.43994140625,69600,0.0,0.0
2022-12-23 00:00:00-05:00,1440.6600341796875,1446.4000244140625,1431.3800048828125,1439.050048828125,41200,0.0,0.0
2022-12-27 00:00:00-05:00,1443.530029296875,1454.949951171875,1429.68994140625,1447.239990234375,46000,0.0,0.0
2022-12-28 00:00:00-05:00,1450.489990234375,1469.219970703125,1430.1600341796875,1430.1800537109375,46500,0.0,0.0
2022-12-29 00:00:00-05:00,1448.2099609375,1475.0400390625,1448.2099609375,1467.1099853515625,80100,0.0,0.0
2022-12-30 00:00:00-05:00,1454.5799560546875,1454.5799560546875,1426.489990234375,1445.449951171875,97500,0.0,0.0
2023-01-03 00:00:00-05:00,1455.18994140625,1468.2099609375,1430.3599853515625,1461.8699951171875,84400,0.0,0.0
2023-01-04 00:00:00-05:00,1484.9000244140625,1500.7900390625,1461.3199462890625,1491.5699462890625,95800,0.0,0.0
2023-01-05 00:00:00-05:00,1474.4000244140625,1495.6300048828125,1456.949951171875,1489.510009765625,107000,0.0,0.0
2023-01-06 00:00:00-05:00,1503.6700439453125,1519.0400390625,1391.8900146484375,1449.5699462890625,149500,0.0,0.0
2023-01-09 00:00:00-05:00,1454.780029296875,1489.1500244140625,1454.3499755859375,1456.4100341796875,112800,0.0,0.0
2023-01-10 00:00:00-05:00,1463.3499755859375,1525.3299560546875,1463.3499755859375,1520.8599853515625,86600,0.0,0.0
2023-01-11 00:00:00-05:00,1528.43994140625,1571.969970703125,1528.43994140625,1553.72998046875,106500,0.0,0.0
2023-01-12 00:00:00-05:00,1554.0799560546875,1554.0799560546875,1523.43994140625,1536.2099609375,63300,0.0,0.0
2023-01-13 00:00:00-05:00,1525.800048828125,1562.6700439453125,1525.800048828125,1557.780029296875,44900,0.0,0.0
2023-01-17 00:00:00-05:00,1547.3599853515625,1567.9599609375,1523.489990234375,1531.300048828125,113200,0.0,0.0
2023-01-18 00:00:00-05:00,1540.0,1567.8599853515625,1532.0699462890625,1539.6500244140625,81200,0.0,0.0
2023-01-19 00:00:00-05:00,1532.239990234375,1548.760009765625,1517.3499755859375,1518.4599609375,89600,0.0,0.0
2023-01-20 00:00:00-05:00,1524.489990234375,1564.6300048828125,1518.0999755859375,1561.530029296875,89200,0.0,0.0
2023-01-23 00:00:00-05:00,1562.0,1583.4000244140625,1547.6099853515625,1576.6800537109375,99100,0.0,0.0
2023-01-24 00:00:00-05:00,1560.1099853515625,1571.9200439453125,1517.25,1534.75,88800,0.0,0.0
2023-01-25 00:00:00-05:00,1514.1400146484375,1532.9200439453125,1496.52001953125,1531.5699462890625,60100,0.0,0.0
2023-01-26 00:00:00-05:00,1548.469970703125,1548.469970703125,1511.780029296875,1523.7099609375,81400,0.0,0.0
2023-01-27 00:00:00-05:00,1514.18994140625,1541.8299560546875,1514.18994140625,1529.75,57600,0.0,0.0
2023-01-30 00:00:00-05:00,1520.6300048828125,1535.050048828125,1496.3299560546875,1507.4100341796875,84100,0.0,0.0
2023-01-31 00:00:00-05:00,1510.25,1533.8399658203125,1506.1500244140625,1532.9200439453125,90900,0.0,0.0
2023-02-01 00:00:00-05:00,1534.8900146484375,1568.719970703125,1515.93994140625,1560.5400390625,116400,0.0,0.0
2023-02-02 00:00:00-05:00,1555.510009765625,1596.0699462890625,1555.510009765625,1583.8800048828125,99100,0.0,0.0
2023-02-03 00:00:00-05:00,1560.1300048828125,1609.25,1558.4200439453125,1591.6500244140625,126200,0.0,0.0
2023-02-06 00:00:00-05:00,1578.6099853515625,1593.5799560546875,1550.9300537109375,1555.97998046875,110000,0.0,0.0
2023-02-07 00:00:00-05:00,1543.0400390625,1572.68994140625,1529.1800537109375,1557.93994140625,119100,0.0,0.0
2023-02-08 00:00:00-05:00,1547.31005859375,1569.989990234375,1547.31005859375,1554.699951171875,69700,0.0,0.0
2023-02-09 00:00:00-05:00,1573.449951171875,1587.0999755859375,1517.1800537109375,1534.6400146484375,133900,0.0,0.0
2023-02-10 00:00:00-05:00,1536.97998046875,1544.22998046875,1489.989990234375,1513.31005859375,163200,0.0,0.0
2023-02-13 00:00:00-05:00,1515.260009765625,1559.6800537109375,1513.010009765625,1554.239990234375,116600,0.0,0.0
2023-02-14 00:00:00-05:00,1553.4100341796875,1572.3800048828125,1533.52001953125,1545.489990234375,87000,0.0,0.0
2023-02-15 00:00:00-05:00,1536.06005859375,1561.800048828125,1522.0,1561.800048828125,98100,0.0,0.0
2023-02-16 00:00:00-05:00,1535.469970703125,1551.3699951171875,1522.25,1534.510009765625,76000,0.0,0.0
2023-02-17 00:00:00-05:00,1525.3900146484375,1534.7900390625,1507.2900390625,1513.9300537109375,90300,0.0,0.0
2023-02-21 00:00:00-05:00,1498.47998046875,1498.47998046875,1452.6500244140625,1459.030029296875,138900,0.0,0.0
2023-02-22 00:00:00-05:00,1464.52001953125,1472.6700439453125,1450.4300537109375,1455.4100341796875,113100,0.0,0.0
2023-02-23 00:00:00-05:00,1463.6600341796875,1471.510009765625,1453.6199951171875,1467.6500244140625,62900,0.0,0.0
2023-02-24 00:00:00-05:00,1447.510009765625,1452.25,1424.3599853515625,1428.0899658203125,78500,0.0,0.0
2023-02-27 00:00:00-05:00,1447.47998046875,1458.739990234375,1429.9300537109375,1431.5899658203125,64300,0.0,0.0
2023-02-28 00:00:00-05:00,1427.199951171875,1452.760009765625,1427.199951171875,1433.7099609375,171500,0.0,0.0
2023-03-01 00:00:00-05:00,1424.0,1440.6400146484375,1416.699951171875,1417.969970703125,87500,0.0,0.0
2023-03-02 00:00:00-05:00,1407.4300537109375,1481.1300048828125,1407.4300537109375,1479.489990234375,101900,0.0,0.0
2023-03-03 00:00:00-05:00,1492.719970703125,1511.300048828125,1484.1400146484375,1508.6400146484375,57500,0.0,0.0
2023-03-06 00:00:00-05:00,1503.5799560546875,1526.6600341796875,1503.5799560546875,1505.9200439453125,108600,0.0,0.0
2023-03-07 00:00:00-05:00,1508.31005859375,1508.31005859375,1470.52001953125,1473.1800537109375,70500,0.0,0.0
2023-03-08 00:00:00-05:00,1472.9000244140625,1490.25,1466.3800048828125,1490.239990234375,54900,0.0,0.0
2023-03-09 00:00:00-05:00,1496.219970703125,1504.75,1468.02001953125,1475.5699462890625,73500,0.0,0.0
2023-03-10 00:00:00-05:00,1474.22998046875,1474.22998046875,1428.6700439453125,1433.25,75700,0.0,0.0
2023-03-13 00:00:00-04:00,1423.719970703125,1452.2900390625,1421.949951171875,1439.5699462890625,67000,0.0,0.0
2023-03-14 00:00:00-04:00,1461.2099609375,1473.9300537109375,1449.9200439453125,1469.8699951171875,76100,0.0,0.0
2023-03-15 00:00:00-04:00,1440.9200439453125,1455.6400146484375,1405.97998046875,1438.8800048828125,82000,0.0,0.0
2023-03-16 00:00:00-04:00,1432.6800537109375,1478.260009765625,1421.010009765625,1469.8599853515625,75400,0.0,0.0
2023-03-17 00:00:00-04:00,1467.6600341796875,1471.2900390625,1447.3599853515625,1455.1099853515625,160600,0.0,0.0
2023-03-20 00:00:00-04:00,1457.1300048828125,1479.6500244140625,1457.1300048828125,1474.719970703125,57600,0.0,0.0
2023-03-21 00:00:00-04:00,1487.9599609375,1500.22998046875,1474.469970703125,1500.219970703125,86900,0.0,0.0
2023-03-22 00:00:00-04:00,1492.3800048828125,1511.050048828125,1449.97998046875,1452.260009765625,92100,0.0,0.0
2023-03-23 00:00:00-04:00,1462.969970703125,1490.1800537109375,1445.1199951171875,1451.0999755859375,73100,0.0,0.0
2023-03-24 00:00:00-04:00,1447.260009765625,1459.75,1428.0999755859375,1459.75,63500,0.0,0.0
2023-03-27 00:00:00-04:00,1478.0699462890625,1498.3800048828125,1456.6600341796875,1481.530029296875,79000,0.0,0.0
2023-03-28 00:00:00-04:00,1479.0400390625,1485.0899658203125,1462.6500244140625,1473.6400146484375,45200,0.0,0.0
2023-03-29 00:00:00-04:00,1490.75,1500.02001953125,1476.1700439453125,1496.31005859375,65200,0.0,0.0
2023-03-30 00:00:00-04:00,1512.1099853515625,1517.5799560546875,1487.699951171875,1499.739990234375,59500,0.0,0.0
2023-03-31 00:00:00-04:00,1512.010009765625,1532.0400390625,1512.010009765625,1530.2099609375,84900,0.0,0.0
2023-04-03 00:00:00-04:00,1520.6099853515625,1538.2900390625,1511.81005859375,1530.550048828125,84900,0.0,0.0
2023-04-04 00:00:00-04:00,1530.760009765625,1541.8199462890625,1521.280029296875,1529.5400390625,78100,0.0,0.0
2023-04-05 00:00:00-04:00,1520.5999755859375,1542.280029296875,1510.010009765625,1529.8699951171875,69400,0.0,0.0
2023-04-06 00:00:00-04:00,1529.5899658203125,1529.5899658203125,1496.260009765625,1500.9200439453125,96400,0.0,0.0
2023-04-10 00:00:00-04:00,1491.6500244140625,1524.1300048828125,1482.3900146484375,1521.6300048828125,74700,0.0,0.0
2023-04-11 00:00:00-04:00,1524.199951171875,1540.6600341796875,1512.760009765625,1527.3699951171875,68600,0.0,0.0
2023-04-12 00:00:00-04:00,1543.72998046875,1558.4200439453125,1530.3599853515625,1533.43994140625,64300,0.0,0.0
2023-04-13 00:00:00-04:00,1548.77001953125,1585.68994140625,1529.6199951171875,1581.7099609375,99400,0.0,0.0
2023-04-14 00:00:00-04:00,1578.75,1588.56005859375,1563.47998046875,1576.949951171875,64800,0.0,0.0
2023-04-17 00:00:00-04:00,1585.5899658203125,1596.31005859375,1572.5699462890625,1595.9200439453125,72000,0.0,0.0
2023-04-18 00:00:00-04:00,1603.6300048828125,1615.969970703125,1577.7099609375,1589.219970703125,74100,0.0,0.0
2023-04-19 00:00:00-04:00,1587.3199462890625,1601.6600341796875,1575.02001953125,1598.989990234375,55000,0.0,0.0
2023-04-20 00:00:00-04:00,1577.9100341796875,1577.9100341796875,1526.8299560546875,1539.56005859375,157600,0.0,0.0
2023-04-21 00:00:00-04:00,1548.9100341796875,1560.9200439453125,1535.5,1559.3900146484375,100200,0.0,0.0
2023-04-24 00:00:00-04:00,1558.3299560546875,1574.260009765625,1555.2099609375,1574.219970703125,69200,0.0,0.0
2023-04-25 00:00:00-04:00,1565.0,1565.0,1466.1199951171875,1470.3299560546875,114700,0.0,0.0
2023-04-26 00:00:00-04:00,1458.3599853515625,1476.5,1457.010009765625,1461.6600341796875,111700,0.0,0.0
2023-04-27 00:00:00-04:00,1464.2900390625,1464.2900390625,1437.56005859375,1456.5799560546875,133700,0.0,0.0
2023-04-28 00:00:00-04:00,1452.800048828125,1495.5699462890625,1452.800048828125,1491.5,85900,0.0,0.0
2023-05-01 00:00:00-04:00,1493.6199951171875,1521.8599853515625,1493.6199951171875,1519.300048828125,103600,0.0,0.0
2023-05-02 00:00:00-04:00,1520.75,1525.1400146484375,1486.9599609375,1502.489990234375,137700,0.0,0.0
2023-05-03 00:00:00-04:00,1504.989990234375,1518.199951171875,1482.6800537109375,1492.0999755859375,144400,0.0,0.0
2023-05-04 00:00:00-04:00,1485.030029296875,1496.8599853515625,1473.0400390625,1475.199951171875,144000,0.0,0.0
2023-05-05 00:00:00-04:00,1475.0,1475.0,1395.2099609375,1424.989990234375,237500,0.0,0.0
2023-05-08 00:00:00-04:00,1426.1099853515625,1427.0400390625,1379.6700439453125,1393.9200439453125,100500,0.0,0.0
2023-05-09 00:00:00-04:00,1376.8199462890625,1402.0,1366.989990234375,1376.199951171875,106800,0.0,0.0
2023-05-10 00:00:00-04:00,1394.06005859375,1394.06005859375,1361.56005859375,1372.1500244140625,104300,0.0,0.0
2023-05-11 00:00:00-04:00,1365.050048828125,1365.050048828125,1342.3699951171875,1348.0799560546875,170000,0.0,0.0
2023-05-12 00:00:00-04:00,1360.719970703125,1384.1700439453125,1355.1099853515625,1383.550048828125,123900,0.0,0.0
2023-05-15 00:00:00-04:00,1380.97998046875,1389.550048828125,1369.300048828125,1386.0,76100,0.0,0.0
2023-05-16 00:00:00-04:00,1380.949951171875,1388.5400390625,1364.5899658203125,1372.8900146484375,105200,0.0,0.0
2023-05-17 00:00:00-04:00,1380.3499755859375,1382.949951171875,1341.260009765625,1369.1700439453125,110300,0.0,0.0
2023-05-18 00:00:00-04:00,1373.4100341796875,1388.75,1355.77001953125,1384.4300537109375,74200,0.0,0.0
2023-05-19 00:00:00-04:00,1395.6300048828125,1410.81005859375,1381.1800537109375,1386.469970703125,95100,0.0,0.0
2023-05-22 00:00:00-04:00,1383.7099609375,1406.81005859375,1380.449951171875,1398.699951171875,101800,0.0,0.0
2023-05-23 00:00:00-04:00,1396.550048828125,1411.6099853515625,1349.8299560546875,1355.6099853515625,108700,0.0,0.0
2023-05-24 00:00:00-04:00,1325.800048828125,1325.800048828125,1288.4100341796875,1313.3199462890625,201700,0.0,0.0
2023-05-25 00:00:00-04:00,1324.9200439453125,1325.8599853515625,1300.8900146484375,1316.949951171875,133300,0.0,0.0
2023-05-26 00:00:00-04:00,1327.22998046875,1353.530029296875,1327.22998046875,1348.18994140625,92700,0.0,0.0
2023-05-30 00:00:00-04:00,1343.5699462890625,1352.5899658203125,1310.010009765625,1314.719970703125,104600,0.0,0.0
2023-05-31 00:00:00-04:00,1307.6300048828125,1325.9599609375,1291.199951171875,1321.8699951171875,245100,0.0,0.0
2023-06-01 00:00:00-04:00,1324.8800048828125,1337.6700439453125,1316.4599609375,1329.3199462890625,101100,0.0,0.0
2023-06-02 00:00:00-04:00,1346.27001953125,1347.3699951171875,1326.969970703125,1332.6600341796875,83000,0.0,0.0
2023-06-05 00:00:00-04:00,1330.0,1337.719970703125,1317.3499755859375,1335.219970703125,81800,0.0,0.0
2023-06-06 00:00:00-04:00,1341.5999755859375,1343.219970703125,1310.760009765625,1321.7900390625,59700,0.0,0.0
2023-06-07 00:00:00-04:00,1316.0,1329.6400146484375,1311.5799560546875,1327.6400146484375,56700,0.0,0.0
2023-06-08 00:00:00-04:00,1319.8399658203125,1320.0,1285.8499755859375,1295.510009765625,143600,0.0,0.0
2023-06-09 00:00:00-04:00,1293.9599609375,1301.8199462890625,1280.0400390625,1292.06005859375,158600,0.0,0.0
2023-06-12 00:00:00-04:00,1295.739990234375,1319.6300048828125,1293.280029296875,1316.969970703125,103800,0.0,0.0
2023-06-13 00:00:00-04:00,1321.4200439453125,1335.8699951171875,1305.5400390625,1318.739990234375,159400,0.0,0.0
2023-06-14 00:00:00-04:00,1322.8599853515625,1328.8299560546875,1307.4599609375,1315.5699462890625,147800,0.0,0.0
2023-06-15 00:00:00-04:00,1307.5999755859375,1337.3800048828125,1297.06005859375,1336.2900390625,159500,0.0,0.0
2023-06-16 00:00:00-04:00,1350.949951171875,1362.4000244140625,1309.93994140625,1321.969970703125,188800,0.0,0.0
2023-06-20 00:00:00-04:00,1295.300048828125,1297.6800537109375,1254.47998046875,1283.800048828125,185300,0.0,0.0
2023-06-21 00:00:00-04:00,1277.5899658203125,1303.800048828125,1272.5,1291.9200439453125,171300,0.0,0.0
2023-06-22 00:00:00-04:00,1288.8499755859375,1294.3399658203125,1275.3299560546875,1283.3699951171875,116100,0.0,0.0
2023-06-23 00:00:00-04:00,1269.3900146484375,1296.989990234375,1269.3900146484375,1288.25,188800,0.0,0.0
2023-06-26 00:00:00-04:00,1284.1300048828125,1292.3299560546875,1265.2900390625,1279.9000244140625,110600,0.0,0.0
2023-06-27 00:00:00-04:00,1289.280029296875,1289.280029296875,1257.22998046875,1272.219970703125,150100,0.0,0.0
2023-06-28 00:00:00-04:00,1273.010009765625,1283.7900390625,1267.1099853515625,1275.4100341796875,114100,0.0,0.0
2023-06-29 00:00:00-04:00,1273.4200439453125,1320.8699951171875,1272.5400390625,1316.8800048828125,163800,0.0,0.0
2023-06-30 00:00:00-04:00,1329.5899658203125,1335.72998046875,1309.43994140625,1311.6400146484375,167400,0.0,0.0
2023-07-03 00:00:00-04:00,1321.43994140625,1321.43994140625,1297.0,1312.1400146484375,68200,0.0,0.0
2023-07-05 00:00:00-04:00,1305.1400146484375,1317.3199462890625,1302.1199951171875,1304.7099609375,105500,0.0,0.0
2023-07-06 00:00:00-04:00,1283.3399658203125,1296.2900390625,1266.5699462890625,1294.199951171875,123000,0.0,0.0
2023-07-07 00:00:00-04:00,1283.9599609375,1297.97998046875,1268.75,1269.0899658203125,160900,0.0,0.0
2023-07-10 00:00:00-04:00,1267.989990234375,1293.81005859375,1267.989990234375,1293.5999755859375,141700,0.0,0.0
2023-07-11 00:00:00-04:00,1292.1400146484375,1305.3699951171875,1288.0699462890625,1292.4300537109375,82100,0.0,0.0
2023-07-12 00:00:00-04:00,1311.52001953125,1327.8299560546875,1302.800048828125,1319.68994140625,99700,0.0,0.0
2023-07-13 00:00:00-04:00,1336.0,1336.0,1307.56005859375,1327.72998046875,127100,0.0,0.0
2023-07-14 00:00:00-04:00,1328.72998046875,1338.239990234375,1319.030029296875,1331.9300537109375,95400,0.0,0.0
2023-07-17 00:00:00-04:00,1329.300048828125,1335.219970703125,1310.3199462890625,1328.4599609375,101800,0.0,0.0
2023-07-18 00:00:00-04:00,1326.300048828125,1336.8499755859375,1311.27001953125,1335.010009765625,126600,0.0,0.0
2023-07-19 00:00:00-04:00,1331.3599853515625,1347.0,1321.93994140625,1340.030029296875,166100,0.0,0.0
2023-07-20 00:00:00-04:00,1346.02001953125,1365.300048828125,1342.9200439453125,1349.8399658203125,103700,0.0,0.0
2023-07-21 00:00:00-04:00,1353.7099609375,1379.469970703125,1321.989990234375,1361.8599853515625,225800,0.0,0.0
2023-07-24 00:00:00-04:00,1359.550048828125,1376.47998046875,1354.760009765625,1362.02001953125,175800,0.0,0.0
2023-07-25 00:00:00-04:00,1336.56005859375,1364.7099609375,1312.510009765625,1312.9200439453125,268400,0.0,0.0
2023-07-26 00:00:00-04:00,1300.6700439453125,1335.8699951171875,1284.4200439453125,1335.02001953125,270000,0.0,0.0
2023-07-27 00:00:00-04:00,1339.550048828125,1364.719970703125,1322.3900146484375,1324.1400146484375,232100,0.0,0.0
2023-07-28 00:00:00-04:00,1260.0,1313.030029296875,1243.0999755859375,1308.510009765625,305300,0.0,0.0
2023-07-31 00:00:00-04:00,1314.1099853515625,1314.1099853515625,1246.5,1257.469970703125,226500,0.0,0.0
2023-08-01 00:00:00-04:00,1252.81005859375,1293.6400146484375,1241.800048828125,1284.4300537109375,172100,0.0,0.0
2023-08-02 00:00:00-04:00,1277.0,1315.739990234375,1266.8900146484375,1291.9000244140625,162000,0.0,0.0
2023-08-03 00:00:00-04:00,1284.3900146484375,1284.3900146484375,1267.9300537109375,1269.1099853515625,131300,0.0,0.0
2023-08-04 00:00:00-04:00,1268.0,1289.27001953125,1264.43994140625,1271.489990234375,105900,0.0,0.0
2023-08-07 00:00:00-04:00,1276.010009765625,1278.449951171875,1254.010009765625,1259.550048828125,111400,0.0,0.0
2023-08-08 00:00:00-04:00,1256.780029296875,1258.550048828125,1234.1500244140625,1254.93994140625,136400,0.0,0.0
2023-08-09 00:00:00-04:00,1254.8499755859375,1260.06005859375,1244.6400146484375,1245.239990234375,59000,0.0,0.0
2023-08-10 00:00:00-04:00,1247.199951171875,1270.1600341796875,1242.3599853515625,1245.449951171875,199100,0.0,0.0
2023-08-11 00:00:00-04:00,1240.0,1254.2900390625,1237.6400146484375,1239.800048828125,125300,0.0,0.0
2023-08-14 00:00:00-04:00,1233.97998046875,1244.989990234375,1229.7900390625,1240.1700439453125,151400,0.0,0.0
2023-08-15 00:00:00-04:00,1235.8900146484375,1239.199951171875,1219.969970703125,1226.760009765625,155300,0.0,0.0
2023-08-16 00:00:00-04:00,1216.2900390625,1230.8499755859375,1183.719970703125,1198.300048828125,198000,0.0,0.0
2023-08-17 00:00:00-04:00,1200.6400146484375,1209.9200439453125,1197.510009765625,1205.0999755859375,200600,0.0,0.0
2023-08-18 00:00:00-04:00,1197.050048828125,1202.0999755859375,1183.0400390625,1184.6800537109375,154500,0.0,0.0
2023-08-21 00:00:00-04:00,1184.1099853515625,1184.739990234375,1166.0899658203125,1169.6700439453125,142300,0.0,0.0
2023-08-22 00:00:00-04:00,1169.0,1175.949951171875,1151.1800537109375,1160.969970703125,123700,0.0,0.0
2023-08-23 00:00:00-04:00,1170.1099853515625,1183.27001953125,1164.4200439453125,1165.0899658203125,147600,0.0,0.0
2023-08-24 00:00:00-04:00,1169.47998046875,1178.5799560546875,1159.0,1161.9599609375,108100,0.0,0.0
2023-08-25 00:00:00-04:00,1162.800048828125,1181.5999755859375,1158.47998046875,1175.449951171875,102200,0.0,0.0
2023-08-28 00:00:00-04:00,1181.2099609375,1186.9200439453125,1170.8499755859375,1181.699951171875,114500,0.0,0.0
2023-08-29 00:00:00-04:00,1184.550048828125,1208.3900146484375,1180.0999755859375,1206.8299560546875,107900,0.0,0.0
2023-08-30 00:00:00-04:00,1210.0,1222.7099609375,1207.06005859375,1217.5699462890625,114600,0.0,0.0
2023-08-31 00:00:00-04:00,1221.5999755859375,1227.47998046875,1213.3599853515625,1213.47998046875,173800,0.0,0.0
2023-09-01 00:00:00-04:00,1225.3499755859375,1235.5899658203125,1198.8800048828125,1222.5,136100,0.0,0.0
2023-09-05 00:00:00-04:00,1221.219970703125,1235.780029296875,1215.010009765625,1215.8900146484375,200700,0.0,0.0
2023-09-06 00:00:00-04:00,1213.0,1213.0,1192.3699951171875,1192.6099853515625,135100,0.0,0.0
2023-09-07 00:00:00-04:00,1188.050048828125,1190.8599853515625,1161.760009765625,1162.0699462890625,133000,0.0,0.0
2023-09-08 00:00:00-04:00,1161.0,1163.489990234375,1129.4200439453125,1130.699951171875,154100,0.0,0.0
2023-09-11 00:00:00-04:00,1135.280029296875,1139.43994140625,1121.989990234375,1128.989990234375,158800,0.0,0.0
2023-09-12 00:00:00-04:00,1126.6700439453125,1131.3599853515625,1115.760009765625,1121.3199462890625,116500,0.0,0.0
2023-09-13 00:00:00-04:00,1081.489990234375,1139.0799560546875,1081.489990234375,1126.969970703125,190400,0.0,0.0
2023-09-14 00:00:00-04:00,1136.550048828125,1168.1099853515625,1118.9100341796875,1157.6700439453125,176000,0.0,0.0
2023-09-15 00:00:00-04:00,1155.4200439453125,1212.5400390625,1134.9100341796875,1168.699951171875,344700,0.0,0.0
2023-09-18 00:00:00-04:00,1163.1800537109375,1163.1800537109375,1134.75,1134.969970703125,147300,0.0,0.0
2023-09-19 00:00:00-04:00,1129.7900390625,1141.9300537109375,1126.47998046875,1131.989990234375,209300,0.0,0.0
2023-09-20 00:00:00-04:00,1137.7900390625,1146.3599853515625,1126.7099609375,1131.1099853515625,115900,0.0,0.0
2023-09-21 00:00:00-04:00,1122.1500244140625,1129.0999755859375,1093.81005859375,1094.030029296875,158400,0.0,0.0
2023-09-22 00:00:00-04:00,1094.6300048828125,1108.760009765625,1091.0,1100.030029296875,184600,0.0,0.0
2023-09-25 00:00:00-04:00,1095.530029296875,1124.3599853515625,1092.1199951171875,1122.4300537109375,135200,0.0,0.0
2023-09-26 00:00:00-04:00,1117.6300048828125,1122.6400146484375,1104.280029296875,1104.31005859375,104200,0.0,0.0
2023-09-27 00:00:00-04:00,1107.9599609375,1111.260009765625,1094.5699462890625,1097.780029296875,114500,0.0,0.0
2023-09-28 00:00:00-04:00,1097.81005859375,1131.1400146484375,1097.6800537109375,1118.239990234375,140800,0.0,0.0
2023-09-29 00:00:00-04:00,1129.4300537109375,1132.1600341796875,1105.1500244140625,1108.0699462890625,133200,0.0,0.0
2023-10-02 00:00:00-04:00,1102.969970703125,1104.530029296875,1071.3699951171875,1087.3299560546875,142500,0.0,0.0
2023-10-03 00:00:00-04:00,1082.52001953125,1093.1400146484375,1073.2099609375,1075.9200439453125,87600,0.0,0.0
2023-10-04 00:00:00-04:00,1082.4200439453125,1094.739990234375,1065.8699951171875,1091.9000244140625,84700,0.0,0.0
2023-10-05 00:00:00-04:00,1090.47998046875,1090.47998046875,1067.4300537109375,1078.25,119300,0.0,0.0
2023-10-06 00:00:00-04:00,1072.1800537109375,1089.9000244140625,1069.510009765625,1081.72998046875,122700,0.0,0.0
2023-10-09 00:00:00-04:00,1073.6300048828125,1089.949951171875,1066.3199462890625,1088.260009765625,91500,0.0,0.0
2023-10-10 00:00:00-04:00,1088.7099609375,1104.5699462890625,1076.6300048828125,1097.02001953125,176500,0.0,0.0
2023-10-11 00:00:00-04:00,1097.02001953125,1108.4599609375,1093.239990234375,1107.0799560546875,111600,0.0,0.0
